[195034.87903749224,1948396.012324538],
[195034.87674161655,1948396.258831263],
[195034.869355784,1948396.645694745],
[195034.86376979452,1948397.0037049472],
[195034.8531896953,1948397.5035386342],
[195034.84197458043,1948397.9425011862],
[195034.82759256795,1948398.5410917036],
[195034.81363620283,1948399.0606673467],
[195034.79604800022,1948399.616677373],
[195034.7782866147,1948400.3650969919],
[195034.76044840034,1948401.0085068673],
[195034.73818779082,1948401.8650640745],
[195034.71242332747,1948402.5896145795],
[195034.68061090485,1948403.5430691852],
[195034.65558138947,1948404.5488263934],
[195034.6213242652,1948405.4251174484],
[195034.59438105093,1948406.318291414],
[195034.58582753525,1948407.4755657031],
[195034.5538216011,1948408.6941630135],
[195034.5408874482,1948409.7154049159],
[195034.4903843848,1948411.031137472],
[195034.4731204997,1948412.1159038786],
[195034.44897528074,1948413.5184061509],
[195034.43223824943,1948414.6695170917],
[195034.43009625765,1948416.143538826],
[195034.41359901434,1948417.352804506],
[195034.40256515704,1948418.911565816],
[195034.39788935674,1948420.1766889447],
[195034.3843325712,1948421.7822484912],
[195034.34287977128,1948423.0905762957],
[195034.3312745588,1948424.7518296842],
[195034.3290935159,1948426.1023181702],
[195034.3363579364,1948427.8099710278],
[195034.33795529118,1948429.19659355],
[195034.35347833982,1948430.956448343],
[195034.3673241191,1948432.381713539],
[195034.38616786085,1948434.1812804604],
[195034.40887792667,1948435.6458722702],
[195034.43646937195,1948437.4999945692],
[195034.5083899102,1948439.3926052083],
[195034.53757107301,1948440.9097496853],
[195034.5776655841,1948442.808652773],
[195034.60593516772,1948444.3017858414],
[195034.63070777492,1948445.7748685395],
[195034.6297352826,1948447.55166518],
[195034.6490274472,1948448.976908894],
[195034.6590254273,1948450.7099151742],
[195034.69073477306,1948452.4243307568],
[195034.6827692783,1948453.7735001484],
[195034.68903420714,1948455.1087301937],
[195034.6909131585,1948456.750431544],
[195034.69724983457,1948458.0484037844],
[195034.69857280963,1948459.6447053163],
[195034.70044971965,1948460.8966303878],
[195034.69722467734,1948462.4329731679],
[195034.69238261864,1948463.9434492302],
[195034.68359918587,1948465.1358407824],
[195034.67916166963,1948466.604801079],
[195034.6725301978,1948467.7628645715],
[195034.65988998508,1948468.9049679437],
[195034.65410833052,1948470.3246046815],
[195034.64506853657,1948471.71781204],
[195034.63442452598,1948472.816513931],
[195034.62521761705,1948474.1782245312],
[195034.61956021955,1948475.2644085006],
[195034.61883918595,1948476.6286861098],
[195034.60965570135,1948477.7298940143],
[195034.61383986927,1948479.1367476408],
[195034.60693079515,1948480.2689954813],
[195034.6023679989,1948481.6972767522],
[195034.59356504062,1948482.854490501],
[195034.58898033184,1948484.0143756752],
[195034.58531165955,1948485.4765305368],
[195034.5796969664,1948486.9444518867],
[195034.5677696187,1948488.1218625607],
[195034.55763688235,1948489.60151638],
[195034.5453037109,1948490.791861991],
[195034.54730815472,1948492.277609338],
[195034.54401174537,1948493.474803423],
[195034.54406938129,1948494.9755481167],
[195034.5467068076,1948496.176844352],
[195034.55217412047,1948497.6883874],
[195034.5519330133,1948498.9050634964],
[195034.56472531945,1948500.4334983611],
[195034.57165706414,1948501.9708951502],
[195034.58438202908,1948503.2037984917],
[195034.5923112541,1948504.447506261],
[195034.60547736098,1948506.0027383326],
[195034.61920033736,1948507.2564103536],
[195034.6378245314,1948508.8265052678],
[195034.6558108549,1948510.0858872323],
[195034.68427952382,1948511.6639972238],
[195034.7103203763,1948513.2407747302],
[195034.7372227101,1948514.5052860854],
[195034.76036281278,1948516.0896024297],
[195034.77728039335,1948517.3582037871],
[195034.80049394656,1948518.9470325613],
[195034.81691260304,1948520.2258215907],
[195034.84138538307,1948521.8275287594],
[195034.868946398,1948523.116343218],
[195034.8975652435,1948524.727535039],
[195034.9271135499,1948526.0104265646],
[195034.96124386066,1948527.6087048203],
[195035.00803055486,1948528.8716846209],
[195035.08914324807,1948530.439044312],
[195035.19201541247,1948531.6125025614],
[195035.39428723435,1948532.9638169925],
[195035.61430011288,1948533.9366627831],
[195035.97776237837,1948535.004886556],
[195036.33542527337,1948535.763532074],
[195036.87274475655,1948536.6227769493],
[195037.37871456833,1948537.2476823048],
[195038.0979452337,1948537.9974942445],
[195038.7383211284,1948538.544448738],
[195039.6193988197,1948539.1978252814],
[195040.3642465541,1948539.7066846644],
[195041.29179818617,1948540.3443970021],
[195042.04888113332,1948540.863814569],
[195043.00901203149,1948541.5060775417],
[195043.78513567342,1948542.0093783608],
[195044.74560787238,1948542.6443943395],
[195045.52877904093,1948543.1400870217],
[195046.51179332432,1948543.7672191667],
[195047.3047173712,1948544.2538332625],
[195048.2903835096,1948544.8659965862],
[195049.08868049833,1948545.3452673429],
[195050.08888061307,1948545.9417106372],
[195050.8997724364,1948546.3977598138],
[195051.9156387764,1948546.9562705115],
[195052.7468444805,1948547.3776199033],
[195053.80260192996,1948547.8855006092],
[195054.67277485167,1948548.2814366142],
[195055.79220336842,1948548.759119625],
[195056.71599930426,1948549.1229722325],
[195057.91592588526,1948549.5488646447],
[195059.15637733595,1948549.9389724894],
[195060.18287745895,1948550.2113969729],
[195061.50496687414,1948550.4964833602],
[195062.58866321953,1948550.6667831768],
[195063.6893852929,1948550.785505108],
[195065.0705712475,1948550.8417435694],
[195066.18194376616,1948550.8427544136],
[195067.5646264415,1948550.7619967053],
[195068.6732611784,1948550.6333309056],
[195070.0556351416,1948550.4009765768],
[195071.15334953586,1948550.1513004934],
[195072.52436084795,1948549.7826517364],
[195073.8851536388,1948549.328108498],
[195074.96145143747,1948548.9261258],
[195076.01917835415,1948548.4753109848],
[195077.3191811847,1948547.849362125],
[195078.6073058152,1948547.1424423845],
[195079.62725309172,1948546.5446691653],
[195080.62835609494,1948545.8966050784],
[195081.86792163373,1948545.0305363971],
[195083.104085448,1948544.12718764],
[195084.07983641795,1948543.3628006275],
[195085.0589886115,1948542.5717205403],
[195086.26206157927,1948541.5478908755],
[195087.43133545129,1948540.5001019929],
[195088.30821029656,1948539.6414473366],
[195089.27824354867,1948538.5686551076],
[195089.95245141507,1948537.7319321733],
[195090.63901512322,1948536.6932013761],
[195091.06436208508,1948535.8766578373],
[195091.43928503813,1948534.882812529],
[195091.64931150552,1948534.1294887143],
[195091.81741664282,1948533.2498823644],
[195091.8945146178,1948532.565534867],
[195091.94570368828,1948531.8772476749],
[195091.9817764161,1948530.9839813802],
[195091.98845570142,1948530.0388917516],
[195091.995278827,1948529.2499207358],
[195091.99201572305,1948528.22379383],
[195091.98538146334,1948527.3717572116],
[195091.97136127818,1948526.2647513412],
[195091.9659754192,1948525.356682665],
[195091.93504761273,1948524.199807216],
[195091.89558548827,1948523.240911677],
[195091.7987654071,1948522.014636507],
[195091.71204872217,1948521.0145573486],
[195091.57928262913,1948519.7269331445],
[195091.47183542504,1948518.6660429419],
[195091.33713696778,1948517.3085304468],
[195091.18760983186,1948515.9165117992],
[195091.07927402726,1948514.7822250058],
[195090.92521204866,1948513.3487698466],
[195090.8031618303,1948512.1803856466],
[195090.67857022572,1948510.9969533915],
[195090.51777665108,1948509.4981659683],
[195090.38381856238,1948508.280568608],
[195090.22140115764,1948506.7372232645],
[195090.08687863947,1948505.4842964876],
[195089.91872012214,1948503.8884097144],
[195089.78545908412,1948502.5860655105],
[195089.61994810228,1948500.927793035],
[195089.47312681066,1948499.5866327183],
[195089.2976024281,1948497.8801041902],
[195089.1623397995,1948496.4936946032],
[195088.9812977072,1948494.738944671],
[195088.81759921063,1948492.955991905],
[195088.67399503457,1948491.5089128464],
[195088.5562556604,1948490.0571716859],
[195088.40236767835,1948488.2418882283],
[195088.28187339747,1948486.7955912754],
[195088.13044912845,1948484.9969785314],
[195087.95274404497,1948483.2156626822],
[195087.82229244828,1948481.7943971334],
[195087.6773384208,1948480.383136487],
[195087.48347283353,1948478.6304156801],
[195087.31014396172,1948477.2417638227],
[195087.07940278752,1948475.564000099],
[195086.85095906444,1948474.3062727011],
[195086.5224475213,1948472.853154372],
[195086.21506213784,1948471.7934158691],
[195085.75239517228,1948470.6167831589],
[195085.3013768156,1948469.7984874658],
[195084.67015192498,1948468.8842730138],
[195084.0536005119,1948468.2810823792],
[195083.22544967072,1948467.621021206],
[195082.30567722037,1948467.122476691],
[195081.54584162694,1948466.8049754668],
[195080.55840538137,1948466.5389564184],
[195079.75848998135,1948466.4356595343],
[195078.76403976986,1948466.398341978],
[195077.96409043018,1948466.4150977184],
[195076.98196673428,1948466.4154271793],
[195076.19484822746,1948466.3936960765],
[195075.22749233388,1948466.3745300795],
[195074.45142916997,1948466.357656768],
[195073.4692074184,1948466.3405357962],
[195072.6664748913,1948466.3167874839],
[195071.62965800986,1948466.3048131133],
[195070.7603400986,1948466.2879376397],
[195069.62792952242,1948466.2603449097],
[195068.68646729604,1948466.243481906],
[195067.47588742853,1948466.2138051873],
[195066.47916696788,1948466.1858463197],
[195065.2015718736,1948466.1589276572],
[195064.68267277532,1948466.1477999347],
