[1712146127.4711328,195034.90612416342,1948402.0495486276,1.4605613577301853,2.6007008086581518e-05,0.8794095991856972],
[1712146127.5217993,195034.90778794978,1948402.1385619768,1.496559308092323,-0.0031115640201002104,0.865119941776386],
[1712146127.5725267,195034.9087699865,1948402.199082016,1.5199453334886954,-0.004874200711313045,0.8599245147936823],
[1712146127.6234946,195034.90976931367,1948402.2605438225,1.5560344623289857,-0.004659570934471308,0.8553713889783123],
[1712146127.6746285,195034.91076339092,1948402.3229834703,1.5923498336487896,-0.007043223974822585,0.8528272847993772],
[1712146127.7251177,195034.9117181164,1948402.3863944192,1.6168462836321633,-0.006986976681970583,0.850759010691627],
[1712146127.776006,195034.91431385637,1948402.5492156418,1.6543111557266819,-0.004362955391698314,0.8405329108292341],
[1712146127.8266525,195034.9154324632,1948402.616105355,1.6797754451435347,-0.005338886662152861,0.8273810044106484],
[1712146127.8772328,195034.9164971631,1948402.6839813753,1.7154133106542857,-0.00732226123533361,0.7977193086419754],
[1712146127.9278638,195034.91701614702,1948402.718278079,1.736486201655749,-0.004885379883759297,0.7728061372059044],
[1712146127.978392,195034.9186959259,1948402.8224607892,1.7720043296798431,-0.005331214141812313,0.7421401740401709],
[1712146128.0288525,195034.92079628436,1948402.9646474812,1.7976849264394463,-0.006513757967809203,0.7306079445258805],
[1712146128.079333,195034.92173752768,1948403.037259629,1.8364931456145142,-0.011007302058524529,0.7250276092696339],
[1712146128.1297889,195034.92255176505,1948403.1108846227,1.8611215297608865,-0.0142565826824146,0.7258484441327021],
[1712146128.1802974,195034.92335997842,1948403.1855287028,1.8985326360647259,-0.008975268139509815,0.7247899059682358],
[1712146128.2309046,195034.92477888727,1948403.2608872508,1.9203944671500337,-0.00275315236408534,0.7139349777772576],
[1712146128.2815528,195034.92880597545,1948403.453494455,1.9591795089168387,-0.008823010929491282,0.6994482489495418],
[1712146128.3322024,195034.9302916705,1948403.5322756667,1.9824923659903169,-0.0097919269081021,0.6877074058303646],
[1712146128.38279,195034.93169416024,1948403.611971215,2.019073024046165,-0.013052889344642937,0.6767850479044167],
[1712146128.4334226,195034.93297838158,1948403.6926835096,2.0459901554599127,-0.013407735902695464,0.6730312682879497],
[1712146128.4841287,195034.93561919205,1948403.8572018442,2.0835117305281328,-0.013769128022598914,0.6682678036340527],
[1712146128.534762,195034.93696779964,1948403.9410250862,2.124215857482598,-0.01280718188223888,0.6550303900816579],
[1712146128.5853252,195034.93897593475,1948404.0688967716,2.153653885247851,-0.012764066156380843,0.6516349810932206],
[1712146128.6359665,195034.94115774275,1948404.19925731,2.194815690939992,-0.008665445161117058,0.6533547734230949],
[1712146128.6866148,195034.94192110232,1948404.243245175,2.2194818039677897,-0.010437645257077743,0.6570400352784055],
[1712146128.737263,195034.9433836704,1948404.3319424915,2.257367972699013,-0.016929362333244602,0.6530960022034661],
[1712146128.7881532,195034.9459248949,1948404.512361895,2.2829398035653563,-0.017373441028141146,0.6503192377521769],
[1712146128.8387408,195034.9472977097,1948404.6042530653,2.3249475805225193,-0.008395547560049815,0.6566743097503033],
[1712146128.8893304,195034.94972723338,1948404.7439976698,2.3471039759487575,-0.006430734585357506,0.6699404090727263],
[1712146128.939897,195034.9520003209,1948404.8861099288,2.3861434094090392,-0.016438822742513876,0.6863818761168987],
[1712146128.9904602,195034.95263026535,1948404.9339984676,2.411581049443482,-0.01890167932380582,0.6955319602232898],
[1712146129.0409822,195034.95408624815,1948405.0304759238,2.445524724369776,-0.014458949549614825,0.6803803983996348],
[1712146129.0919075,195034.95707039398,1948405.2259827522,2.466400067941787,-0.020040789706669504,0.6633853943278504],
[1712146129.1424575,195034.95831810014,1948405.324767088,2.4870512882641647,-0.01833121732047785,0.6375489583522025],
[1712146129.1930537,195034.95974495463,1948405.474503933,2.5044899319521345,-0.011701063219023228,0.6275385014758657],
[1712146129.2436705,195034.96133034828,1948405.6263750023,2.5391640794089323,-0.00635367845920215,0.6130774146875948],
[1712146129.294345,195034.96182763597,1948405.677494527,2.5763250469690324,-0.012111613000354349,0.613945615718529],
[1712146129.3449352,195034.96373848664,1948405.8842366168,2.5988968238484795,-0.008878220091851102,0.6210568174045169],
[1712146129.3955445,195034.96475578382,1948405.9888779887,2.61952470863156,-0.010360011126302249,0.6348104418305237],
[1712146129.446105,195034.9664985337,1948406.147524994,2.654535485023563,-0.008296159514520368,0.6427898500568586],
[1712146129.4966452,195034.96817901148,1948406.308632626,2.6989735581332,-0.014721463037411703,0.6435178866149557],
[1712146129.5471802,195034.96865290488,1948406.3628902456,2.720611984926107,-0.020422235845912157,0.6410419230114717],
[1712146129.59775,195034.96948762244,1948406.4719945434,2.7542899181508655,-0.021961077529972617,0.6258395777061267],
[1712146129.6483269,195034.97110618226,1948406.693071293,2.7811330532835346,-0.016859159849688388,0.6122563961527827],
[1712146129.6989212,195034.97231185864,1948406.8615961429,2.8172599962157774,-0.022340225585439466,0.6068844577437401],
[1712146129.7495184,195034.97293458774,1948406.975234522,2.8454727474521375,-0.025959080728755163,0.6074873782993985],
[1712146129.800074,195034.97353402115,1948407.089638859,2.871891630907237,-0.01899727055848338,0.6063687831233294],
[1712146129.8506544,195034.97452542643,1948407.2046260207,2.87784488143671,-0.0026042777407163653,0.595446655570991],
[1712146129.9012594,195034.97613016027,1948407.3198980328,2.8884240347485175,-0.008716708044641919,0.5889412734969507],
[1712146129.9519062,195034.97753362748,1948407.4354896273,2.9024136862582384,-0.01882586581358256,0.5968838375520322],
[1712146130.0025306,195034.97897192478,1948407.6097737213,2.930386571862611,-0.037225964809079,0.6082647777099399],
[1712146130.0531147,195034.97952584628,1948407.844700975,2.9470723726522468,-0.037644467611360505,0.6133337170428047],
[1712146130.1037076,195034.98025862814,1948407.9628958905,2.9624047484713425,-0.013621545461892731,0.6079128365626368],
[1712146130.1546376,195034.98155561055,1948408.0816629643,2.9930292992524765,-0.009617977681901702,0.5822844813503285],
[1712146130.205249,195034.98272554626,1948408.2011079602,3.014742988546927,-0.014236835551644206,0.5613190599751391],
[1712146130.255835,195034.9837276936,1948408.3815846827,3.0390249237583924,-0.017113455462779814,0.5243442335386452],
[1712146130.3064177,195034.98478908723,1948408.6245686659,3.053703236842524,-0.019139196089528743,0.5063918368837064],
[1712146130.3569896,195034.9851739307,1948408.7470432108,3.078122632294399,-0.02408205736320526,0.4913636253573051],
[1712146130.407546,195034.9854251991,1948408.8701747952,3.096469458911399,-0.0274090472612383,0.49158725008601534],
[1712146130.4581208,195034.9855530985,1948408.9940102275,3.113145768854772,-0.039295723192440485,0.4964387543893519],
[1712146130.5087116,195034.9853083538,1948409.180584359,3.124369717008457,-0.03738694706395376,0.4926405831172007],
[1712146130.55932,195034.98529686313,1948409.4305962962,3.1367979339341603,-0.03477530993674141,0.47269863912272875],
[1712146130.609907,195034.98522948156,1948409.5562717684,3.148665351692054,-0.03622646572459112,0.45573986150558204],
[1712146130.660511,195034.98526071513,1948409.6824664234,3.16600937547707,-0.025039797476067133,0.43809447256682693],
[1712146130.7111056,195034.98564772005,1948409.8091115418,3.1776550676038924,-0.021250930330803275,0.4259246811540177],
[1712146130.7618148,195034.98612710973,1948409.9361738968,3.1939667874668816,-0.03434348413313004,0.41416716440037743],
[1712146130.8124378,195034.98625150218,1948410.127582444,3.208584320096935,-0.04321891582103318,0.40480958034801445],
[1712146130.8631113,195034.98585961372,1948410.3848525002,3.230491433994712,-0.038105637729539704,0.384418314505511],
[1712146130.913996,195034.98601930257,1948410.514366882,3.249312712239225,-0.026644146822417586,0.36269052054821443],
[1712146130.964745,195034.9863834209,1948410.644310831,3.2612933936685353,-0.02949955250021863,0.3519081753485301],
[1712146131.015286,195034.98654178262,1948410.7747594551,3.2805155374447925,-0.046002959146258404,0.3505034805651702],
[1712146131.0657961,195034.98627099965,1948410.9056823093,3.2898500583462553,-0.04857295364238204,0.3464002586253243],
[1712146131.1163812,195034.98546439759,1948411.1687632059,3.30206478770883,-0.04703226109561076,0.3301079338666444],
[1712146131.1669307,195034.98544298136,1948411.3671789162,3.3104548258971116,-0.03835965711931058,0.3147307787157343],
[1712146131.2174642,195034.9865591244,1948411.5669231217,3.328460555867907,-0.031109505057159786,0.2933015764401394],
[1712146131.2680404,195034.98689815475,1948411.6337163213,3.336862101184764,-0.03861378257046777,0.28772940339297703],
[1712146131.3186114,195034.9872843518,1948411.7676312064,3.358708363151597,-0.04754737513573898,0.28476256338769423],
[1712146131.3691213,195034.987769157,1948412.0371431534,3.3697913659584495,-0.044770397385336724,0.2803951686284277],
[1712146131.419553,195034.9883366692,1948412.172495139,3.3831081091559567,-0.029898496758307552,0.2570963649554515],
[1712146131.470044,195034.98970595503,1948412.3763413802,3.396697695970351,-0.02979168508855065,0.24067326077142817],
[1712146131.5204568,195034.990494783,1948412.5811756495,3.4120430048420274,-0.04588608974043118,0.22882641033776477],
[1712146131.570906,195034.99054670046,1948412.649657102,3.4219414472121765,-0.053705866316666545,0.2277475202518539],
[1712146131.6213338,195034.99048525578,1948412.924476726,3.4335224008620995,-0.05609791489448493,0.22113756482746738],
[1712146131.6717913,195034.99051569993,1948413.0624006565,3.441869111180563,-0.05366092754499763,0.2072858021640406],
[1712146131.7222464,195034.99052778637,1948413.2699368878,3.4558814579933816,-0.05285818966427594,0.18464364263541777],
[1712146131.772808,195034.99053686342,1948413.4087593425,3.4658376817572245,-0.05310856974210537,0.17493911125124167],
[1712146131.8234057,195034.99038420944,1948413.5480505978,3.4847637819222945,-0.05930626019926086,0.17483665910578272],
[1712146131.8745468,195034.99010492468,1948413.6877876045,3.4994215898613894,-0.05682080162674799,0.18038104147537745],
[1712146131.925164,195034.98993441844,1948413.8279423632,3.511403686501786,-0.050743034882574395,0.1742299851309273],
[1712146131.9759278,195034.99061349872,1948414.180235633,3.525727564283396,-0.04173752137518233,0.1526305998384776],
[1712146132.0264764,195034.99112903856,1948414.321805077,3.534472221219838,-0.04187476494637804,0.13630188219549969],
[1712146132.077026,195034.99143541724,1948414.4637599639,3.5500413547472958,-0.05123406398171845,0.1248477569844005],
[1712146132.1276546,195034.99148729266,1948414.6061039136,3.5565029292348034,-0.05548843555645355,0.12421902504691214],
[1712146132.1782258,195034.99152658953,1948414.7487724994,3.5726157220802417,-0.05999471552548474,0.1290081900441307],
[1712146132.228884,195034.99193097392,1948414.891672168,3.582298501126206,-0.059120139719184756,0.13553228371914725],
[1712146132.2794974,195034.99255268337,1948415.1067010611,3.593775306460054,-0.0609986180197222,0.139650779541027],
[1712146132.3300169,195034.99320754237,1948415.3945442403,3.601535777086609,-0.0661702460346685,0.14052487315099524],
[1712146132.38059,195034.99328279658,1948415.5388771899,3.6139229433913718,-0.06863506266798547,0.13948530836282405],
[1712146132.431142,195034.99339123003,1948415.6836124936,3.6200112512070746,-0.0620610224595643,0.134635044209455],
[1712146132.4816778,195034.99375390407,1948415.8286222357,3.6341701303720653,-0.05240579773987017,0.12010298373107427],
[1712146132.5322351,195034.99436543163,1948415.9739981228,3.6425274784041055,-0.05039981160376286,0.10644870565741052],
[1712146132.5828154,195034.99542538548,1948416.192671445,3.6557494793615826,-0.0596947164721173,0.09428737151040048],
[1712146132.6334298,195034.99605791832,1948416.4854716267,3.6659183231092243,-0.06510676093099696,0.09472461478443149],
[1712146132.6840532,195034.99620906857,1948416.6324360308,3.677780535082427,-0.06195741823292636,0.09883498575960434],
[1712146132.734706,195034.99657183295,1948416.7797452232,3.6914483689770656,-0.05835249493475991,0.09523123769529229],
[1712146132.7853248,195034.99704137805,1948416.927397272,3.701207754066797,-0.06125466211995703,0.08980732127219053],
[1712146132.8361168,195034.99791998262,1948417.2979824175,3.7109920490692647,-0.06131464694257907,0.08043379752322091],
[1712146132.886687,195034.9983441778,1948417.4466776447,3.717886577640637,-0.059365570541204254,0.0680788650310248],
[1712146132.9372501,195034.99870903933,1948417.5956168622,3.7264054761991385,-0.05894414162700232,0.059328542099887284],
[1712146132.9878447,195034.99915999942,1948417.7448357989,3.733067600604834,-0.05850348736089117,0.05334717608461526],
[1712146133.0383506,195034.99957748904,1948417.8943535234,3.745817779562436,-0.06467083815141172,0.04661546775633869],
[1712146133.0888643,195034.99982426272,1948418.0441824321,3.7524621821070365,-0.06298298207913061,0.03910138187359352],
[1712146133.1394525,195035.00009471114,1948418.1943199812,3.7642511823008795,-0.061102636553870465,0.02566582055695774],
[1712146133.1900384,195035.00057032018,1948418.5712956646,3.7730354350231745,-0.0651546471130135,0.019392480698571902],
[1712146133.240617,195035.00036331726,1948418.7227811979,3.7839720868984115,-0.06893178404786768,0.01264840478840047],
[1712146133.291288,195035.00018227313,1948418.8745741118,3.7920956833783586,-0.06866850450709325,0.006515928280595808],
[1712146133.341884,195035.0000055206,1948419.026659377,3.8032519665700106,-0.06715972322452576,359.9961842273382],
[1712146133.3925056,195034.99966899477,1948419.3317173824,3.810389716071639,-0.06902553088348365,359.98931221790764],
[1712146133.443102,195034.9992477547,1948419.5611367063,3.8184302787189752,-0.07110550475877966,359.97841003602866],
[1712146133.49377,195034.99890253204,1948419.7144008093,3.825015821599412,-0.07125968736731253,359.9742815711372],
[1712146133.5448072,195034.99870997312,1948419.868015907,3.837942367259028,-0.06599735734313375,359.96604998658154],
[1712146133.5955157,195034.99862134503,1948420.02194486,3.846114123860415,-0.065850355238071,359.9566877874594],
[1712146133.6461647,195034.9984937024,1948420.3305218127,3.8532252434753906,-0.06585669259817267,359.9401999099795],
[1712146133.6967485,195034.99831646538,1948420.4852103465,3.8649415488300543,-0.07225194745899843,359.9256083781224],
[1712146133.7473974,195034.9976927223,1948420.7177817477,3.8717192774640194,-0.0760079367961029,359.9203026154893],
[1712146133.797964,195034.99690397157,1948420.9509895379,3.882636247102779,-0.0783920429353703,359.90902977651353],
[1712146133.8485785,195034.99661521477,1948421.0288893098,3.8901696712764267,-0.07846555746291922,359.9044004822534],
[1712146133.8991888,195034.99606477804,1948421.1848878074,3.8999080268671027,-0.08093056835360282,359.8961396056562],
[1712146133.9498081,195034.994791937,1948421.4976205884,3.9062121627599757,-0.08024604789780987,359.8876890456771],
[1712146134.0004008,195034.9941795368,1948421.654336226,3.9153598386728046,-0.07923782576919353,359.87425632703827],
[1712146134.0510614,195034.99360203138,1948421.8113063425,3.9223163700961177,-0.07502433455543159,359.86470050456575],
[1712146134.1016414,195034.99298273565,1948422.0473279369,3.9315250680196803,-0.07414462319843143,359.8469488303154],
[1712146134.1522424,195034.99247723058,1948422.2838701657,3.9370436010879346,-0.07357943138796824,359.83782697008],
[1712146134.2027752,195034.99250532404,1948422.4417723475,3.9475610967034824,-0.07717581294838038,359.8200538422061],
[1712146134.2533152,195034.9920454685,1948422.679201274,3.956265559055942,-0.08323189153253216,359.8157290361545],
[1712146134.303758,195034.9914015797,1948422.9172514344,3.966742570021158,-0.08513953213616457,359.8067442893822],
[1712146134.35448,195034.991137624,1948422.9966820916,3.9736892771655152,-0.08648227070650094,359.80415722606233],
[1712146134.405003,195034.9900239691,1948423.3150216537,3.9793286174077434,-0.08887569979743795,359.80460907625053],
[1712146134.4555678,195034.9893614397,1948423.4745935032,3.990003699732213,-0.0873578550192392,359.79920011531397],
[1712146134.506296,195034.98881772332,1948423.6344810254,3.9955869373537416,-0.08455289316762213,359.79169550351133],
[1712146134.5568824,195034.98817909538,1948423.8748378486,4.006663758975222,-0.08298790352991281,359.77899085797395],
[1712146134.6075828,195034.98748834076,1948424.1158001947,4.016717543052226,-0.08573094781956836,359.77271639180657],
[1712146134.658209,195034.98677982687,1948424.3573786488,4.025092840361392,-0.08217520932926914,359.7668365880991],
[1712146134.7088377,195034.98643290592,1948424.5187622525,4.031194195031522,-0.08252700712558811,359.7604224493726],
[1712146134.759556,195034.98594076032,1948424.6802725706,4.035937948936543,-0.08662244621410378,359.7605563772296],
[1712146134.8102205,195034.9851226701,1948424.9228412702,4.040386790850335,-0.08887700592734143,359.7535806699053],
[1712146134.8608797,195034.98393329748,1948425.1661487967,4.0553781693465885,-0.09388319244375606,359.75174543482996],
[1712146134.911562,195034.9835382837,1948425.2474633346,4.0678086365274675,-0.0919676049559218,359.7476927870282],
[1712146134.9621818,195034.98283388244,1948425.4104815181,4.084067768797963,-0.08562105546285481,359.7311108287235],
[1712146135.0127826,195034.98176107527,1948425.7375877672,4.089453899418587,-0.08709684727294631,359.71841637689204],
[1712146135.063409,195034.98092868537,1948425.9836206518,4.09868419443134,-0.0857172696432541,359.706204829911],
[1712146135.113987,195034.98032742564,1948426.1478643396,4.102453325705078,-0.08996141278565586,359.698801063225],
[1712146135.1646297,195034.9794558817,1948426.3122784244,4.109294757902617,-0.09132545439469561,359.69394023806603],
[1712146135.2152884,195034.97807889374,1948426.4765558764,4.11472262183934,-0.08592758992437294,359.6900558809752],
[1712146135.2659233,195034.9768236691,1948426.640934502,4.119941010722621,-0.08409635215966693,359.688564679968],
[1712146135.3164718,195034.97401171367,1948427.0530018283,4.130098523680528,-0.09062347543025884,359.6785429569425],
[1712146135.367008,195034.97249857188,1948427.218449568,4.141121436712532,-0.0976476547178512,359.6747899586008],
[1712146135.4176123,195034.9708369154,1948427.3840858643,4.152911601689144,-0.09947267906167176,359.6709961236289],
[1712146135.4682329,195034.96919871372,1948427.5500829907,4.153436641738072,-0.09803149419645413,359.6682658569318],
[1712146135.5188758,195034.96759623886,1948427.7162465954,4.162403155215983,-0.09864799462052776,359.6684931789126],
[1712146135.5695255,195034.96602748559,1948427.8826303007,4.17152503970317,-0.10011327241794149,359.6708259593875],
[1712146135.6200786,195034.96187947408,1948428.2996170723,4.174515654481452,-0.09754177855581012,359.66830900331246],
[1712146135.6706533,195034.9604917172,1948428.4667400238,4.181361798050067,-0.09235807288123812,359.66089720274033],
[1712146135.7211838,195034.9590692065,1948428.6340777408,4.193662140925937,-0.09825094700614409,359.6494922799589],
[1712146135.771831,195034.95739565144,1948428.8017064831,4.19953036552152,-0.09760114457744246,359.64793909338795],
[1712146135.822343,195034.95591304032,1948428.9697053803,4.213240824833975,-0.09112684017796491,359.63644273832784],
[1712146135.8728843,195034.95460892402,1948429.1380452844,4.220261592930299,-0.09506147910512971,359.631438280693],
[1712146135.9234147,195034.95249559337,1948429.3912036805,4.230132580367067,-0.10441947887946659,359.62867605762824],
[1712146135.9742615,195034.94892851496,1948429.7296135665,4.2407283574882095,-0.10683959649117139,359.6240206730671],
[1712146136.0249686,195034.94706259217,1948429.8992332153,4.250667340503746,-0.10200915640589994,359.6197082829102],
[1712146136.075614,195034.94541739466,1948430.0691721418,4.259361007675556,-0.09642418341368811,359.61123184373685],
[1712146136.1262105,195034.94391989303,1948430.2393894268,4.266319281561817,-0.0951364906007805,359.60105406383076],
[1712146136.1768522,195034.94253252324,1948430.4099070411,4.280076707917728,-0.10074756720412376,359.59079108023144],
[1712146136.2274923,195034.9397507623,1948430.8380543166,4.285412549796734,-0.10301373707876071,359.5904639317451],
[1712146136.2781687,195034.93854191186,1948431.0098151744,4.298222641301621,-0.10688443029966282,359.5895687928697],
[1712146136.3288023,195034.93722628665,1948431.1819622621,4.307423366102399,-0.10737898553780442,359.5911454379108],
[1712146136.379406,195034.9359070527,1948431.3544158854,4.3169771962218455,-0.10735181172877473,359.59501518548825],
[1712146136.4299626,195034.93463531515,1948431.5271183057,4.322796324331916,-0.11026272445731142,359.59332236804477],
[1712146136.4805474,195034.9312102543,1948431.9600133863,4.333368894389163,-0.10761881914616905,359.59606922250185],
[1712146136.5311275,195034.93002227347,1948432.1337832513,4.344627065337759,-0.1054563584162567,359.5922087647763],
[1712146136.5817223,195034.92870716032,1948432.307819599,4.355279863851648,-0.10818738966169777,359.5882190986994],
[1712146136.6322947,195034.92740138638,1948432.4821735534,4.361892013849464,-0.10532075315349199,359.58189854310126],
[1712146136.6828828,195034.92613367614,1948432.6567886479,4.370162527164118,-0.10615966716445993,359.57993812738107],
[1712146136.7334304,195034.92352277375,1948433.0067189953,4.378070160949929,-0.10768878030298823,359.58305755250217],
[1712146136.7839751,195034.9215673013,1948433.2700204356,4.389853776393765,-0.10602617756623947,359.58868322614234],
[1712146136.8346708,195034.91968335022,1948433.533960428,4.399102131284588,-0.10734286535859522,359.5923097830196],
[1712146136.8852987,195034.91905827628,1948433.6220322396,4.406620232468063,-0.10857869144973675,359.58885484260696],
[1712146136.9358618,195034.9177336564,1948433.7984684522,4.415907847545389,-0.10874944065745762,359.5868843759974],
[1712146136.9864867,195034.9151735683,1948434.1520805536,4.423679403116704,-0.10307905221661706,359.58335648367745],
[1712146137.0370698,195034.91403243784,1948434.329272637,4.432249584038233,-0.10348575603721519,359.58385702900136],
[1712146137.0877132,195034.91237795222,1948434.595492006,4.439652471372583,-0.10262802549409575,359.5826020059192],
[1712146137.1382804,195034.9105095315,1948434.8622007289,4.447478309577535,-0.10813417544044854,359.58578791512696],
[1712146137.1889372,195034.90987365018,1948434.951158571,4.449704006028492,-0.11220508099052151,359.58449869282344],
[1712146137.2395697,195034.9085316404,1948435.1292409392,4.4605615422328775,-0.10621802203532185,359.5818506420628],
[1712146137.2901537,195034.907308589,1948435.3075734945,4.466367486547032,-0.10418179748717402,359.5784930671442],
[1712146137.34076,195034.9044167662,1948435.7545584503,4.476677868499269,-0.1079091504921321,359.57683434544407],
[1712146137.391382,195034.90323240266,1948435.9337727837,4.4821819009232815,-0.10640633576931066,359.5772826501936],
[1712146137.4419444,195034.90209650464,1948436.1131319162,4.4871197584954565,-0.10531566106528747,359.5797079320996],
[1712146137.4925733,195034.90095683187,1948436.2926433822,4.4935480978663636,-0.10731371633078701,359.5804280337954],
[1712146137.5431302,195034.89982485367,1948436.4723669512,4.498439635285359,-0.10350064832823996,359.5766284520799],
[1712146137.5938287,195034.8976932936,1948436.8323861286,4.502581184684948,-0.10531318647960272,359.5737980473633],
[1712146137.6443095,195034.89584465986,1948437.1029924492,4.512904598213247,-0.11031647226078434,359.5770172764234],
[1712146137.694859,195034.89394970835,1948437.3741444487,4.522675457628212,-0.11003508786450311,359.5838879504102],
[1712146137.7453825,195034.89322158057,1948437.4646425254,4.5269074334097334,-0.11614538442882713,359.5929046596363],
[1712146137.7959437,195034.89169272434,1948437.6457617944,4.533260277074659,-0.11499396890059496,359.5996346687537],
[1712146137.8465488,195034.88897432678,1948438.00858779,4.539635137372603,-0.10812118203380344,359.59782486070986],
[1712146137.8971088,195034.88780870973,1948438.1902889821,4.547008175539369,-0.1054588937634669,359.5934402504054],
[1712146137.9477723,195034.88666918204,1948438.3722235172,4.554594566334568,-0.10783220866186377,359.5872590956506],
[1712146137.998289,195034.88493695678,1948438.6456121716,4.561960188185645,-0.10288100393851882,359.5832185181078],
[1712146138.048975,195034.88332647132,1948438.9194426164,4.567513665386681,-0.10606107618183633,359.58302389732506],
[1712146138.099928,195034.88123792145,1948439.1937896346,4.575556037925822,-0.11372169391293868,359.59210633713235],
[1712146138.150449,195034.8799368756,1948439.3770565132,4.584355581766147,-0.10993726368964157,359.5999046784936],
[1712146138.201034,195034.8790971591,1948439.5605581242,4.5921516451847335,-0.10542836534936081,359.6145806952707],
[1712146138.2516904,195034.8779477642,1948439.8363136558,4.596393840480844,-0.10863884803684817,359.6177191379534],
[1712146138.302351,195034.87666109516,1948440.1125600997,4.60455909344264,-0.10540272378842677,359.63127332352974],
[1712146138.3529582,195034.87637593222,1948440.2047030092,4.606199434056907,-0.10205432035832449,359.63369511673],
[1712146138.4035013,195034.87501891237,1948440.5736529594,4.612537164005342,-0.1054462443601637,359.6432949027159],
[1712146138.4540641,195034.87438165562,1948440.7584941587,4.6223234165109774,-0.10440665144345351,359.64767839529156],
[1712146138.5049543,195034.87342353677,1948440.9434924403,4.62883461926349,-0.11447380355430559,359.6626391674547],
[1712146138.555548,195034.8718663755,1948441.2215660827,4.636500000027006,-0.10698856270877091,359.67606198675907],
[1712146138.6060975,195034.87065393088,1948441.5001383992,4.643316436902206,-0.10780746119729656,359.6832268174619],
[1712146138.6566715,195034.8694029607,1948441.7790050756,4.648024870757605,-0.107328563087526,359.69238868177587],
[1712146138.70723,195034.8686497162,1948441.9651169432,4.649879952060565,-0.10253288019600845,359.6990688609265],
[1712146138.7578413,195034.86827920662,1948442.1514124125,4.6585339477871734,-0.0927686096868364,359.705531275471],
[1712146138.8083897,195034.8678607495,1948442.4311051858,4.662526711739244,-0.09299710344670298,359.7096192339936],
[1712146138.8589542,195034.86766394402,1948442.711289449,4.6685428356492125,-0.09104733629610354,359.7059114605613],
[1712146138.9095356,195034.8675226769,1948442.80477868,4.673398850738466,-0.09875973123854084,359.7069613505178],
[1712146138.9601648,195034.86610801826,1948443.1790531958,4.681045483253187,-0.1063849794476836,359.7227560783971],
[1712146139.0107896,195034.86550941726,1948443.3664981332,4.6841716015834916,-0.10055607183028523,359.73254680462355],
[1712146139.0613475,195034.8652675634,1948443.5541165427,4.689764607691214,-0.09366472003180384,359.74239121559117],
[1712146139.1119509,195034.86478037,1948443.8357703998,4.695027803236795,-0.09912330897692134,359.74540623189097],
[1712146139.1626198,195034.8642044399,1948444.1178297426,4.7001786839160955,-0.1043448276171228,359.75238513740834],
[1712146139.2131858,195034.86425278397,1948444.211855117,4.702620895407418,-0.09808408516602662,359.75210938702753],
[1712146139.2637367,195034.86471564812,1948444.5878907728,4.702774787069316,-0.08918862938767783,359.7542440089832],
[1712146139.3144865,195034.86536073862,1948444.7762785896,4.707394085008482,-0.08428150002584076,359.75718149066216],
[1712146139.365072,195034.86596360162,1948444.9647158254,4.720015079471033,-0.09133451368944834,359.76760868433183],
[1712146139.4156404,195034.86614541136,1948445.247996634,4.724915283137258,-0.10717141149033374,359.79013042244304],
[1712146139.4662702,195034.86614160132,1948445.5317711472,4.734989948529658,-0.09718320950948237,359.79501479315957],
[1712146139.5168383,195034.8664772738,1948445.8156912192,4.737180308917374,-0.09204652477293479,359.80730205949015],
[1712146139.5674427,195034.86688733124,1948446.0051881417,4.738793049933615,-0.08955831603577624,359.8155784281072],
[1712146139.6180034,195034.8669614119,1948446.1947632807,4.740169856292245,-0.09711111843014289,359.85645990888867],
[1712146139.6685958,195034.86704376663,1948446.3844400104,4.747799930247664,-0.0943756269589828,359.8801011670829],
[1712146139.7192054,195034.8674794855,1948446.6695362534,4.763470970912618,-0.08030629449572657,359.9111247975628],
[1712146139.7697954,195034.86881214468,1948446.9553883004,4.766147322570714,-0.07199517302715921,359.92673729744104],
[1712146139.8203342,195034.8706513662,1948447.241592916,4.77342927544683,-0.06828173236151783,359.94425960632486],
[1712146139.8709598,195034.8715080066,1948447.4324900825,4.773435087433809,-0.07824552400288046,359.9713831861221],
[1712146139.9215727,195034.8721882259,1948447.6236045205,4.77874264337531,-0.08778376841768648,0.01563924199927035],
[1712146139.972165,195034.8725054614,1948447.8147735978,4.786614757571573,-0.09182613193062172,0.06353617128855185],
[1712146140.022757,195034.87288531283,1948448.006332248,4.799100922995347,-0.07961245650942675,0.1179181690753145],
[1712146140.0733998,195034.8739039184,1948448.294266844,4.810972692589756,-0.06616267072648505,0.15929968432127614],
[1712146140.1240196,195034.87713630253,1948448.679421772,4.821397500174573,-0.05150923540564917,0.19483331819039368],
[1712146140.17462,195034.87816910492,1948448.8720675556,4.8337892384221846,-0.05096231962586545,0.22062050324703417],
[1712146140.2252102,195034.8780283692,1948449.064762679,4.835323293343544,-0.058965504817915876,0.25168538195321444],
[1712146140.2757757,195034.8778568603,1948449.2577199584,4.840001208046333,-0.0587137090844069,0.28196340407382015],
[1712146140.3263938,195034.87763404343,1948449.5472999865,4.8505309714358775,-0.061298093416103344,0.3046249052629232],
[1712146140.377008,195034.87724165336,1948449.9343884033,4.857723526648473,-0.05917938880782106,0.3300272276909842],
[1712146140.4276166,195034.8771683044,1948450.1280809734,4.858053208038983,-0.05619302829266276,0.34317099181350336],
[1712146140.4781992,195034.8769110263,1948450.3220305042,4.8662650973495465,-0.052848497151308765,0.3708508499729668],
[1712146140.5287805,195034.87699960987,1948450.5163297942,4.8740589583768,-0.035753220429113,0.37134823360224506],
[1712146140.579363,195034.8778528409,1948450.7107424417,4.879555266674618,-0.017213858880030797,0.3733052281648861],
[1712146140.6299071,195034.8797574295,1948451.0026940866,4.88574678365396,-0.017132748003823473,0.3826867400454824],
[1712146140.6804445,195034.88221841314,1948451.3926483914,4.896267694288039,-0.02968487208876852,0.41247339970970837],
[1712146140.7310507,195034.88295557845,1948451.587946652,4.898267160745629,-0.038012302186864466,0.44366509399178444],
[1712146140.7816992,195034.8836003635,1948451.783590864,4.9114631698629285,-0.04433541203632971,0.4990642225962113],
[1712146140.8323011,195034.88409038738,1948451.9796043762,4.920413972188622,-0.05435083748653338,0.5367024907958206],
[1712146140.8828974,195034.8842180737,1948452.1760350221,4.936605037450743,-0.04269254769863584,0.5765861422178925],
[1712146140.9334693,195034.88475287153,1948452.3727959,4.94716543480333,-0.037145341323610914,0.5863608708096922],
[1712146140.9840682,195034.88675361898,1948452.866149589,4.952755463416626,-0.03630661823435549,0.5888284188276309],
[1712146141.0349023,195034.88755782158,1948453.0639478748,4.964614949343411,-0.034028051948211235,0.5990931552761795],
[1712146141.085436,195034.88838077735,1948453.2620022027,4.967940667771805,-0.03455743526631644,0.6146396154744496],
[1712146141.1359556,195034.88917219086,1948453.460282795,4.977706888658248,-0.030674086167921888,0.6396425827456669],
[1712146141.1864963,195034.89015190298,1948453.6587647835,4.985779144153005,-0.023638496437523915,0.6601945052554389],
[1712146141.237055,195034.89358591218,1948454.0565732536,4.991026509347213,-0.012448886552643534,0.6736056937273255],
[1712146141.2876256,195034.89706313596,1948454.3556107127,5.002638552714994,-0.006435193294889896,0.6768866871307875],
[1712146141.3381777,195034.9001643895,1948454.6553028272,5.0122828562919395,-0.02005182685292911,0.6938117439808467],
[1712146141.3887703,195034.90107476062,1948454.7553347154,5.019118097088465,-0.01992111438859817,0.7089590486425045],
[1712146141.4393494,195034.9030309646,1948454.9555705304,5.027553637070176,-0.018393122670665063,0.7344932644652227],
[1712146141.4902365,195034.90711629693,1948455.3567020183,5.030384781130119,-0.017299729649271567,0.7482787718126719],
[1712146141.540813,195034.90925515353,1948455.5576251217,5.040177277093708,-0.018049551288548626,0.7587637051301401],
[1712146141.5915115,195034.91210021454,1948455.8593460473,5.043661397943513,-0.02683426035478398,0.7664332104102526],
[1712146141.6420817,195034.91461930415,1948456.1614917195,5.049742265066768,-0.02681095257061661,0.7691627643211371],
[1712146141.6927023,195034.91554041818,1948456.262346971,5.052081554178044,-0.019542182321517887,0.7713278622504527],
[1712146141.7433507,195034.91952392776,1948456.6659097818,5.059858122733774,-0.0190759278860112,0.7756173345567053],
[1712146141.793949,195034.9214285691,1948456.867924972,5.064364495156091,-0.019060851541143398,0.7808702543057084],
[1712146141.844543,195034.92365964715,1948457.070233225,5.072124482284041,-0.00797351931896706,0.7801602851882119],
[1712146141.89511,195034.92612252897,1948457.2727152894,5.078481179574529,-0.0077684714266118005,0.7690804064712256],
[1712146141.9457924,195034.9298777595,1948457.5767818647,5.083951494920244,-0.008931886029635128,0.7616400551763749],
[1712146141.9963348,195034.93466178988,1948457.9825980118,5.0863486867174625,-0.010248517633639487,0.7553247098380962],
[1712146142.046937,195034.9369825373,1948458.185849164,5.095297547873405,-0.014341335879600181,0.7509137278087453],
[1712146142.0977387,195034.93903580436,1948458.3893910185,5.1039237819456345,-0.02777516421110937,0.7521544481630881],
[1712146142.1483805,195034.94064030165,1948458.5931953772,5.112026457147537,-0.02743121477133237,0.7558871361245703],
[1712146142.1989486,195034.94260583117,1948458.7977085072,5.120955269956856,-0.01669503400133865,0.7423078313140168],
[1712146142.2495158,195034.9460204587,1948459.1056257465,5.125887042044309,-0.015450705544042487,0.7176956918002372],
[1712146142.3000197,195034.95054601977,1948459.5167411682,5.129232457000022,-0.018493922390399598,0.6888089042977243],
[1712146142.3505948,195034.95266280507,1948459.7225063425,5.132608630058061,-0.023132249093932133,0.6644235133017025],
[1712146142.4011197,195034.95435047994,1948459.9284971652,5.142745878525971,-0.03371465691061781,0.646782447502257],
[1712146142.4516432,195034.9560279792,1948460.1346837603,5.1495746253173005,-0.029786058649182656,0.6301395817373191],
[1712146142.5022204,195034.95784029723,1948460.341161279,5.157307095868117,-0.025378126388662825,0.5941986625581087],
[1712146142.552808,195034.9607969223,1948460.6513348217,5.16335470091236,-0.029027294353115907,0.5661079133451291],
[1712146142.6034467,195034.96468747527,1948461.0654298929,5.165061527439477,-0.02699373061436211,0.5069803519257394],
[1712146142.6540985,195034.96641734813,1948461.2725967073,5.167045440362267,-0.03557419645411547,0.4696703531133657],
[1712146142.7047522,195034.96779791953,1948461.479824794,5.171575888755959,-0.048877162563702226,0.4214221516043753],
[1712146142.7554183,195034.9688721305,1948461.6871996997,5.17594431542296,-0.057853246547244,0.381205585866063],
[1712146142.8060517,195034.96996232148,1948461.9984798932,5.182654851958129,-0.06286992845289777,0.3549688143449747],
[1712146142.8566687,195034.97135892135,1948462.4142926256,5.189646034364819,-0.05210669932284545,0.3006868789309345],
[1712146142.907361,195034.97239136673,1948462.6224255094,5.193014056249031,-0.047425394847746105,0.2602613266132823],
[1712146142.9580157,195034.97322214596,1948462.8307067202,5.197272839802403,-0.05598960453855012,0.20398776183374365],
[1712146143.0085802,195034.97395424944,1948463.0391367173,5.203206929710892,-0.06123040614735631,0.16955604393552504],
[1712146143.0590487,195034.9745697807,1948463.352104514,5.210987292361811,-0.0719674011875775,0.12740454141149637],
[1712146143.1095407,195034.9746436721,1948463.6654377035,5.21187095956906,-0.0776780531074028,0.10217418071543245],
[1712146143.1601374,195034.97454047285,1948463.9790164765,5.212536309897937,-0.0821282600819408,0.06996082187338472],
[1712146143.2107084,195034.97445001313,1948464.1883832717,5.215970902611182,-0.086562618417727,0.04890429129772285],
[1712146143.2613227,195034.97421393337,1948464.3978916511,5.21996877791705,-0.08862046020852238,0.01924553822595385],
[1712146143.311947,195034.97395263173,1948464.7123881674,5.224250408319447,-0.08320352036646747,0.002772065769770716],
[1712146143.36256,195034.9742363292,1948465.027221425,5.231098352923993,-0.07797676589226862,359.9608059959325],
[1712146143.4131577,195034.97429048741,1948465.1321316182,5.22740235494314,-0.08575600120413182,359.9295108121461],
[1712146143.4638553,195034.9733044427,1948465.5520337354,5.231929070094761,-0.10313663309076196,359.8984424258847],
[1712146143.514597,195034.97244088812,1948465.7621609948,5.233581121943942,-0.1005563151576219,359.8839365573542],
[1712146143.565221,195034.97148895962,1948466.077417419,5.238106078027544,-0.09634375469963444,359.8725578150771],
[1712146143.6158156,195034.97070454166,1948466.393058591,5.244214771701561,-0.09784512257303063,359.8471063183036],
[1712146143.6664274,195034.97038844496,1948466.498364975,5.248923245259861,-0.09960543546348999,359.8273056556023],
[1712146143.7170112,195034.96974066462,1948466.7089734497,5.249782165338614,-0.09658551732523096,359.7846935154103],
[1712146143.768057,195034.96875411234,1948467.1305193342,5.25335734208895,-0.09437944388098166,359.75629669632826],
[1712146143.8186727,195034.96818745922,1948467.3415807018,5.263467120766861,-0.10696422429213509,359.71639619991487],
[1712146143.8693087,195034.96654204678,1948467.6585228306,5.265187684966602,-0.11480368844741862,359.6977857617746],
[1712146143.9199653,195034.96440779816,1948467.975868547,5.271560349728086,-0.11974317319712238,359.667844639975],
[1712146143.9705534,195034.96362523438,1948468.0816842825,5.27616436664912,-0.11965994686237072,359.6445352119107],
[1712146144.0211406,195034.9622500264,1948468.2935065082,5.280612589030683,-0.11101657636053919,359.5979561776478],
[1712146144.072017,195034.95983898902,1948468.717516875,5.287090898096002,-0.11565732089594005,359.57367288456555],
[1712146144.1226118,195034.9584598851,1948468.929788162,5.295657404105324,-0.12190815874626063,359.53588541807426],
[1712146144.1732073,195034.9559072182,1948469.2488453037,5.296517627348985,-0.12175351415395502,359.5196180081487],
[1712146144.2238014,195034.95285865603,1948469.5685765261,5.3101666609397675,-0.13040348399083104,359.49613228849336],
[1712146144.2746258,195034.95168579795,1948469.6752190772,5.3144155683337555,-0.1382032935067388,359.4792711719733],
[1712146144.325243,195034.9466746035,1948470.102187468,5.316897752180651,-0.14274083140147897,359.4763190519848],
[1712146144.3758316,195034.9440732427,1948470.3158362517,5.322494957571789,-0.14199465571090525,359.4673073500428],
[1712146144.4264548,195034.94150442287,1948470.52969707,5.324020809032388,-0.14144580342505075,359.4591454909525],
[1712146144.4770954,195034.93756500445,1948470.8507650718,5.333979236448741,-0.14312992713778142,359.4461469054215],
[1712146144.5276992,195034.9338390756,1948471.1722778762,5.3401065410580735,-0.13465260671045487,359.4325232003468],
[1712146144.578279,195034.93266300758,1948471.2795629147,5.349233696944331,-0.13483949712141055,359.4150729237906],
[1712146144.6288693,195034.9279607783,1948471.7093205946,5.352585687226087,-0.13610381303124916,359.40822706036835],
[1712146144.679539,195034.92410965357,1948472.0318064848,5.352372332814182,-0.14414838626658638,359.40426696041027],
[1712146144.7301452,195034.92120635408,1948472.2469187896,5.35549574496092,-0.15146766391693475,359.4089417682759],
[1712146144.7807744,195034.9182834839,1948472.4621003685,5.361328259516796,-0.14424973579259234,359.4151704112752],
[1712146144.8313951,195034.91569750762,1948472.6773357186,5.3610221884725195,-0.13870528458251585,359.41255267447],
[1712146144.8820128,195034.9132217481,1948472.8926613322,5.367508396790648,-0.13992506391686207,359.4136376546195],
[1712146144.9326138,195034.91069074147,1948473.108155272,5.37235045451697,-0.13998730845317306,359.4179379673969],
[1712146144.9832296,195034.90688813257,1948473.4318185628,5.380581642088568,-0.13858445092779118,359.4391840242193],
[1712146145.0347672,195034.90182815,1948473.863939251,5.383750454542363,-0.13910046685299393,359.4720612473081],
[1712146145.0854216,195034.89931869975,1948474.0801486669,5.387893140020031,-0.14032039329280865,359.50079981386796],
[1712146145.13598,195034.89674879637,1948474.2964443,5.387757849020618,-0.14356117817278008,359.5297241197623],
[1712146145.186441,195034.89408839433,1948474.5128824234,5.394866134678725,-0.13548782152347663,359.56581567054275],
[1712146145.2369564,195034.89141503075,1948474.7297371798,5.4044172481411445,-0.130093861232241,359.59447440174694],
[1712146145.288007,195034.88530471694,1948475.2728753134,5.409609659770183,-0.1284472437872807,359.6095709305263],
[1712146145.338546,195034.88285911418,1948475.4904810018,5.415387364373255,-0.12564556767377566,359.6515056416784],
[1712146145.3891082,195034.88062323604,1948475.7082727319,5.419607823879439,-0.1230511738697859,359.6756262473212],
[1712146145.4396358,195034.8784145881,1948475.926232094,5.4263328581873065,-0.11603677137322399,359.73329934313904],
[1712146145.49024,195034.8763638467,1948476.1442998375,5.4281108317656654,-0.10824039316462286,359.7614683921673],
[1712146145.5408556,195034.87413440747,1948476.471564023,5.431697232568993,-0.1036863196329258,359.7919756024333],
[1712146145.5914328,195034.87144042016,1948476.908217344,5.430550348740686,-0.11127846616805237,359.8017129663082],
[1712146145.6419213,195034.86966988,1948477.1268681104,5.438473452585108,-0.11631347869824801,359.82443240638156],
[1712146145.6924624,195034.86795556472,1948477.345270227,5.440333386438018,-0.11152753249302569,359.84057736132365],
[1712146145.743016,195034.86623702265,1948477.5640455156,5.44540125896795,-0.10881981908969557,359.87205521867895],
[1712146145.7936504,195034.8639143842,1948477.8921285153,5.447526841266752,-0.1009497593277201,359.8874412615073],
[1712146145.8442855,195034.86184200193,1948478.3301105124,5.4500351125207755,-0.09630974070735246,359.895936930662],
[1712146145.8952198,195034.86099750054,1948478.5493844652,5.45816568196412,-0.08506146305065107,359.8955179367027],
[1712146145.945891,195034.86043398723,1948478.7686965512,5.465785929615862,-0.08918496425765987,359.90527228857366],
[1712146145.996494,195034.85959482283,1948478.9883136929,5.472882338106572,-0.10086014114781697,359.92843065577154],
[1712146146.0471292,195034.85858689595,1948479.208085803,5.467008467273297,-0.10619885815530578,359.95877103117425],
[1712146146.0981195,195034.8566028962,1948479.5378915968,5.490274734766259,-0.10303007704891357,359.9850628786217],
[1712146146.148823,195034.85431100888,1948479.9792402398,5.4999430711571335,-0.095342490181553,0.009070589448062653],
[1712146146.199454,195034.85496268145,1948480.1986226456,5.508763977857786,-0.08667033765139331,0.021919080976293873],
[1712146146.2500608,195034.8553098846,1948480.4181531025,5.513361832435141,-0.09326845524836905,0.03809043087158837],
[1712146146.3006825,195034.85561874884,1948480.6379393805,5.5211960946982375,-0.09867975292871795,0.061404921819061785],
[1712146146.351292,195034.85570804655,1948480.9680539102,5.527055271942643,-0.09638590942795944,0.07666095018797105],
[1712146146.4018009,195034.8564240417,1948481.4091050879,5.5352344621170175,-0.08434018354555933,0.08570913477492467],
[1712146146.4523935,195034.85706690518,1948481.6300834368,5.54487803228571,-0.08285674680270388,0.09020162915367728],
[1712146146.5029795,195034.85754759717,1948481.8511115934,5.557218143050855,-0.08175014772226652,0.11429503520196299],
[1712146146.553586,195034.8582705574,1948482.0725419342,5.557898146662024,-0.08254545234158564,0.12716348133692895],
[1712146146.6041863,195034.85922352906,1948482.4053463934,5.571532362039339,-0.07644590773758086,0.15337609957564155],
[1712146146.6553626,195034.86120190573,1948482.8504355014,5.589480325523262,-0.07656096252358968,0.16702371859135717],
[1712146146.705961,195034.86207454334,1948483.0737052553,5.599934607584915,-0.07610777774385036,0.1820059657838745],
[1712146146.756571,195034.8629207643,1948483.297347072,5.61769098300347,-0.07671344364335297,0.20618016049464494],
[1712146146.8071206,195034.86379574085,1948483.5213405471,5.634944405888863,-0.07672800255401235,0.22946512698660093],
[1712146146.8577776,195034.86457377035,1948483.7460956555,5.656240712357648,-0.08051177916230529,0.26649971677611833],
[1712146146.9084256,195034.86584629936,1948484.0844759773,5.664195684304644,-0.07470989469903061,0.29335238178360334],
[1712146146.9590087,195034.86827947927,1948484.537233427,5.6881744926277324,-0.06513287887438335,0.31606967589651164],
[1712146147.0095365,195034.86964077342,1948484.7645789431,5.701869058736868,-0.06433561934461884,0.33048893902354776],
[1712146147.0601346,195034.8712840876,1948484.9925768455,5.731184382681132,-0.057442004610062825,0.34678254274057035],
[1712146147.110746,195034.8730413339,1948485.2212656108,5.755022326077206,-0.05830325453081847,0.34725993882753525],
[1712146147.161307,195034.87541017882,1948485.5657902178,5.778868314446661,-0.06650347311965127,0.35402569397473604],
[1712146147.2118387,195034.87653828095,1948485.9123900905,5.796896249250275,-0.06073516288233122,0.362361065481157],
[1712146147.262389,195034.87824273712,1948486.2605240324,5.822876689289998,-0.05275167994622054,0.38025125662109527],
[1712146147.3129668,195034.87938490557,1948486.4936082354,5.84139531205376,-0.0568058067974756,0.3958689062434878],
[1712146147.3635633,195034.88068434063,1948486.7275913635,5.871062912235019,-0.04766297002294795,0.41207002832011175],
[1712146147.414151,195034.88232593564,1948486.9622910356,5.893177386028832,-0.04517966363527032,0.4181729830650066],
[1712146147.464742,195034.88478713873,1948487.3156288345,5.9150615813548,-0.046287938396379846,0.41970767400134995],
[1712146147.515334,195034.88728061214,1948487.7887833829,5.9388618262065425,-0.06804829500203075,0.4382229817949422],
[1712146147.5659134,195034.8879163579,1948488.026539239,5.960569999585202,-0.07235372007622182,0.4545445350995356],
[1712146147.616467,195034.8887763791,1948488.2650440785,5.986547571122904,-0.053261513122780824,0.4754900675378434],
[1712146147.667076,195034.8908817945,1948488.624194195,6.00245123231921,-0.050899143811888314,0.4840947653720939],
[1712146147.717606,195034.893278464,1948488.9848991183,6.028230963648955,-0.04709918382965328,0.49424603284089946],
[1712146147.768161,195034.89410091372,1948489.105449248,6.0463248435701695,-0.04858415985986814,0.5080886930473196],
[1712146147.818768,195034.89561479524,1948489.346890118,6.068335166216956,-0.04784969885426488,0.5297698838089502],
[1712146147.869371,195034.89872824078,1948489.8317104178,6.079051111851562,-0.050334469754592326,0.555226200324193],
[1712146147.9200506,195034.90106676315,1948490.1972008816,6.108657613290505,-0.04894449879380369,0.5813024595719013],
[1712146147.970641,195034.90282498172,1948490.441806155,6.129995558084227,-0.042886188762898625,0.6009724843559343],
[1712146148.021406,195034.90479080434,1948490.6869448202,6.15019261868252,-0.036253578575963896,0.619228551846932],
[1712146148.0719304,195034.90698501555,1948490.9326649231,6.161637471666317,-0.03230473584713073,0.6325432284325558],
[1712146148.1225574,195034.90923985708,1948491.1789839037,6.185740622209448,-0.03362947860293941,0.6551368947911601],
[1712146148.173179,195034.91450168355,1948491.6734671576,6.1971210489035915,-0.029537564718886022,0.6681034035316517],
[1712146148.2238777,195034.91997827124,1948492.0458507908,6.216371334988454,-0.028651526564864416,0.6958588877947178],
[1712146148.2744477,195034.9238704513,1948492.2946336325,6.225195833726244,-0.024171438553376334,0.7059002712169231],
[1712146148.3255627,195034.92779054638,1948492.5439788904,6.245416756846825,-0.026191963229021675,0.7303763576215329],
[1712146148.3761609,195034.93167356643,1948492.7938254643,6.263107152554368,-0.02463001123007058,0.7413824509745507],
[1712146148.4267673,195034.9355572438,1948493.044150979,6.2736904366848,-0.025704544668824547,0.7542968364506325],
[1712146148.4773574,195034.94341585273,1948493.5461947126,6.289771423005316,-0.012689985545281557,0.7587567601039815],
[1712146148.527976,195034.9498420805,1948493.9238636917,6.300573295328734,-0.01488151882058869,0.7671407682945289],
[1712146148.5785346,195034.95640676637,1948494.302460346,6.313036046937623,-0.009416616674573441,0.7726197653554633],
[1712146148.629138,195034.95858880406,1948494.4287379466,6.316840582696998,-0.013626485148013068,0.7866876872839124],
[1712146148.6797428,195034.96269326797,1948494.6814795767,6.317990838493654,-0.012886456108553435,0.8106689781329309],
[1712146148.7302916,195034.9669645241,1948494.9342562067,6.319185088300703,-0.007183522956910937,0.8249464189813115],
[1712146148.780846,195034.97830566188,1948495.5660300665,6.3115044798424895,-0.004739588674510076,0.8353212632100028],
[1712146148.8314676,195034.9828223327,1948495.8183324067,6.302739816505195,-0.007421655298635699,0.8397850943194256],
[1712146148.8820333,195034.98729372286,1948496.0703572775,6.293685673208289,-0.010194089390993477,0.8546534521958181],
[1712146148.933219,195034.98947024028,1948496.196279366,6.279328858123451,-0.0069232135964545916,0.8628267567262922],
[1712146148.9841146,195035.00076890696,1948496.8236104953,6.246997205037998,-0.006326130895158544,0.8743973886676699],
[1712146149.0346198,195035.00528696598,1948497.0730769841,6.229188108407105,-0.005355439533737516,0.8772575021647074],
[1712146149.0851502,195035.00975770818,1948497.3219351633,6.197059395175648,0.0012848329857434448,0.8794745411797187],
[1712146149.1357746,195035.01454137778,1948497.569950937,6.181616380852765,0.008781442407449547,0.8777057130444308],
[1712146149.1866689,195035.01952247552,1948497.8172161246,6.148138336827699,0.002814897123528226,0.8784869736452259],
[1712146149.2372394,195035.02890782003,1948498.43208516,6.114591463884593,-0.005052541202069327,0.8843495519012884],
[1712146149.287823,195035.03248372444,1948498.6766760966,6.098144273070269,-0.0038920411667240917,0.8919027423321185],
[1712146149.3384256,195035.03629215393,1948498.9203797553,6.071563988837737,0.004320455384745514,0.8989639989100567],
[1712146149.3890576,195035.04019663276,1948499.163605107,6.055250028514044,0.002950583132918072,0.9073833965647261],
[1712146149.4396405,195035.04398855663,1948499.4059523016,6.039838200217963,0.004497584996040749,0.9195911686459916],
[1712146149.4902453,195035.04787779684,1948499.6480157916,6.019974798740629,0.00827366278520425,0.9269593303746291],
[1712146149.5408475,195035.05186141716,1948499.8892634227,6.009349880654762,0.012411262606434048,0.9290249211907686],
[1712146149.5914721,195035.06221170252,1948500.4910309298,6.0006870753617605,0.006392362573607813,0.9312386735556389],
[1712146149.6420705,195035.06598288403,1948500.7313972346,5.99336854658241,-0.0033306913288778106,0.9279949624725263],
[1712146149.6926978,195035.06960446254,1948500.9713701583,5.992490376531624,7.442739991936342e-05,0.9275886057003949],
[1712146149.7433703,195035.0733146419,1948501.2111904637,5.973027122075714,0.0062174230492539895,0.9139237852196737],
[1712146149.7939653,195035.07719542508,1948501.4505101366,5.984643134199183,0.010708189832499937,0.9066808809150023],
[1712146149.8445747,195035.08718849777,1948502.0500293197,6.003681826334596,0.009386652968185194,0.8977383081389626],
[1712146149.8951764,195035.09314237707,1948502.4105786816,6.007627671441498,0.0049638902522372574,0.8906713754366623],
[1712146149.9458663,195035.09498042832,1948502.5308287023,6.008773879882989,-0.0011068320175020574,0.8949924566097386],
[1712146149.9964325,195035.09858626185,1948502.771310892,6.014957132293017,-0.0002720956458691637,0.9056910528866409],
[1712146150.047204,195035.10217334545,1948503.012048826,6.019292642754606,0.0004251675087088569,0.9191938419829524],
[1712146150.0978277,195035.10948589866,1948503.4941527965,6.036278050443226,-0.003541456810800203,0.9243249311679664],
[1712146150.148457,195035.1131351555,1948503.7357285072,6.042474156785607,0.0007920453836398611,0.9230619910665345],
[1712146150.1990395,195035.118634429,1948504.0990919406,6.059087130750299,0.00113843353204518,0.922650390593423],
[1712146150.2496984,195035.1240870986,1948504.4634046368,6.071292912191348,0.0007085409808109677,0.923044736284797],
[1712146150.3002837,195035.12747840298,1948504.706710211,6.081600881884826,-0.007690571037648475,0.9373748779592773],
[1712146150.3508637,195035.13247882857,1948505.072173788,6.083676345316616,-0.0018866312197932111,0.944567349993947],
[1712146150.4014018,195035.13849724198,1948505.4376091366,6.0810679407221215,0.014352712580225968,0.9409778473039081],
[1712146150.4519868,195035.14057440267,1948505.5593495907,6.076973927318431,0.01386564528775669,0.9308894557797953],
[1712146150.5027711,195035.14471871837,1948505.8027252029,6.071954856379744,0.0014434488215883112,0.9229425094661223],
[1712146150.553399,195035.15186259142,1948506.289013379,6.0647516417244915,-0.003464188647127775,0.925090573741805],
[1712146150.6040196,195035.155444492,1948506.531844906,6.053566677300705,0.00564661628047064,0.923334640889294],
[1712146150.6547022,195035.1610704067,1948506.8953562612,6.027734951041782,0.00471773235340206,0.9120378538295302],
[1712146150.7051873,195035.1667787647,1948507.257137994,6.004872927508048,0.007451240346865284,0.8989418848110698],
[1712146150.7560027,195035.17248701837,1948507.6173581756,5.987423546902039,0.00458432052880603,0.876749195299846],
[1712146150.806535,195035.17628354285,1948507.8565196313,5.9613086042277805,0.005954575089770264,0.857281432009384],
[1712146150.8571131,195035.17984478295,1948508.0951494118,5.937120184665708,-0.005788824685760308,0.8307984621741952],
[1712146150.9076912,195035.18309899673,1948508.3329273232,5.911632867600594,-0.011471362834409471,0.8121717671403925],
[1712146150.9582644,195035.18619580287,1948508.5697265198,5.879420219044239,-0.014767637157112656,0.7787137581251327],
[1712146151.0089102,195035.1906150939,1948508.9232673382,5.854562156387011,-0.019004665314802383,0.7537683275278151],
[1712146151.0595229,195035.19620277247,1948509.3914192608,5.819079676868836,-0.017639449372220728,0.7008184460890517],
[1712146151.1101239,195035.19889701618,1948509.6239356676,5.793440199478005,-0.01947158827541573,0.6614048494153358],
[1712146151.1607149,195035.20163035623,1948509.8554875045,5.755856777980617,-0.020595238216905842,0.5945316764254822],
[1712146151.2113562,195035.20411467165,1948510.0858449787,5.728864978146322,-0.02879150384904683,0.5546493771092952],
[1712146151.26198,195035.20631915005,1948510.3151224472,5.688095776897401,-0.03581803460064081,0.5015031341248388],
[1712146151.312893,195035.2092691635,1948510.6570023687,5.665236372564307,-0.04303628793973974,0.46979303756590407],
[1712146151.3635361,195035.2121379831,1948511.1093721355,5.624479758936326,-0.04898542265028111,0.42597315047003215],
[1712146151.4140959,195035.21285819064,1948511.221803778,5.5966461016658515,-0.04794722101109877,0.39404097679459554],
[1712146151.4647238,195035.2148946713,1948511.5573939546,5.5567900046838385,-0.05005740584760493,0.3431427072902429],
[1712146151.515333,195035.21746300082,1948512.0010674796,5.515784345593832,-0.05087515155602823,0.28992699023150303],
[1712146151.5659752,195035.2185237797,1948512.2212952657,5.489845084605198,-0.05754761395866742,0.2541975454547138],
[1712146151.6165648,195035.21933540545,1948512.4403823751,5.446364191123875,-0.06595441303608429,0.19663365002151784],
[1712146151.6671772,195035.21995413012,1948512.658329421,5.416109986541366,-0.06956230542401626,0.1570312894027807],
[1712146151.7178016,195035.22035445206,1948512.8751091445,5.373057657868599,-0.07580113811701172,0.09934922304001183],
[1712146151.7684073,195035.22060728422,1948513.1981113146,5.345301391541863,-0.07339725231176747,0.062069759528397814],
[1712146151.818987,195035.22091918674,1948513.624894577,5.3037765245160795,-0.07433917265031262,0.009934540473261267],
[1712146151.8695414,195035.22112011182,1948513.836551153,5.27370248567584,-0.0732958206055477,359.9714754220832],
[1712146151.9201305,195035.22122871183,1948514.0470579632,5.230789093041065,-0.08034838063352293,359.91151808490343],
[1712146151.970704,195035.2210463473,1948514.2563866084,5.20231137045705,-0.08562310303803877,359.87853798683767],
[1712146152.0212457,195035.2205579635,1948514.5682902718,5.158017979219546,-0.08915655303390133,359.82733407682645],
[1712146152.0718296,195035.219586704,1948514.8775502187,5.131967664378025,-0.09666370868901167,359.8026922821189],
[1712146152.1226578,195035.21849161907,1948515.082314674,5.08805003595283,-0.10719615671207305,359.7758702141222],
[1712146152.173292,195035.21629393357,1948515.3876890533,5.0633839706268695,-0.10730159987841942,359.7663365619561],
[1712146152.2239552,195035.21370504863,1948515.6908783445,5.01818076707443,-0.10541044195760291,359.7567329469188],
[1712146152.2745705,195035.2129032057,1948515.7914055483,4.987638565879904,-0.10138206781324238,359.75172558936777],
[1712146152.3253875,195035.2098388606,1948516.1904517445,4.9476380470838865,-0.1018310378749458,359.7498968221879],
[1712146152.3759768,195035.20816905372,1948516.3882516422,4.9025913065358395,-0.10610354674201192,359.7531529399758],
[1712146152.4265587,195035.2063887376,1948516.584916566,4.8733165208069495,-0.10174709167912532,359.7569248594245],
[1712146152.4771144,195035.20419147782,1948516.8776105512,4.828779891610925,-0.09449616769556099,359.75977582411593],
[1712146152.5276637,195035.2021781619,1948517.1676977335,4.799703710252074,-0.09301813365389255,359.7614577074152],
[1712146152.578215,195035.2001380259,1948517.4553185431,4.761114937243381,-0.09253428354099846,359.7771706845631],
[1712146152.628822,195035.19892630825,1948517.645626994,4.730142490315149,-0.08882831747397388,359.78819984816795],
[1712146152.6793923,195035.19779632363,1948517.8348259805,4.68953753300446,-0.09018119639452371,359.8078709470559],
[1712146152.729942,195035.19657885862,1948518.0229253017,4.657842045387077,-0.09161155474319682,359.82827799376753],
[1712146152.7805128,195035.19459557708,1948518.302739862,4.611897426322214,-0.09319041475395348,359.8676774900201],
[1712146152.8310995,195035.19252192136,1948518.5797692158,4.582955696894031,-0.09168604779291395,359.90162427025297],
[1712146152.8817735,195035.19054219592,1948518.8541545118,4.538042972436104,-0.09085833080940048,359.9564361734441],
[1712146152.932373,195035.1892256878,1948519.0356602832,4.512171346054446,-0.08746682715926316,359.9986493625101],
[1712146152.9829724,195035.18824753375,1948519.2160497827,4.469845193221874,-0.07288102812329669,0.05159614730226442],
[1712146153.0335655,195035.1876318062,1948519.395321731,4.441412606797858,-0.06654715878391185,0.08552776442307698],
[1712146153.0841508,195035.1871465661,1948519.6620479468,4.396015699419469,-0.05777577268987866,0.13007652934271313],
[1712146153.1347346,195035.18708324866,1948519.9260435936,4.366238605920337,-0.05318743405726564,0.16203287057070206],
[1712146153.1853197,195035.1880376821,1948520.1866508606,4.316920607415867,-0.05180561847799292,0.21383285332384994],
[1712146153.2359052,195035.1886579638,1948520.3586305147,4.270993037732286,-0.057057798680076766,0.272955367481682],
[1712146153.2865193,195035.189205898,1948520.5294002795,4.240607494652076,-0.055976654339307486,0.31123725057461393],
[1712146153.3370783,195035.19013954847,1948520.7833173554,4.196696512138188,-0.04815893680233441,0.36552891916929775],
[1712146153.387672,195035.19157577798,1948521.034646254,4.1689027437985455,-0.04257933933917807,0.3972854573047945],
[1712146153.4382257,195035.19210778945,1948521.1178407844,4.1250137798310735,-0.04049672542547997,0.44214397407424444],
[1712146153.4887881,195035.19429630262,1948521.4477730338,4.095530184436766,-0.03808215172388699,0.47365604393957644],
[1712146153.5393934,195035.19565145072,1948521.610994142,4.050724925739894,-0.02552742183365664,0.5143013835669025],
[1712146153.590013,195035.19730722127,1948521.7729317583,4.019869926566481,-0.022863282958460296,0.5447104697529833],
[1712146153.640594,195035.19977483482,1948522.0134848396,3.970429893736173,-0.02555673200098796,0.5922719876898358],
[1712146153.691183,195035.20208287946,1948522.2511989288,3.940884009379354,-0.023600570483156502,0.6297128685177668],
[1712146153.741809,195035.2048293248,1948522.4860798474,3.8925931114999868,-0.01525596730095466,0.6815220005724436],
[1712146153.7924082,195035.20688075328,1948522.6412331786,3.8651029283539624,-0.012222830907563487,0.7118270946950875],
[1712146153.8429973,195035.20895703926,1948522.7951487435,3.819021294066809,-0.014999989836074534,0.7503132133943153],
[1712146153.8936539,195035.21180478233,1948523.02382909,3.7894309972042257,-0.016381124415573267,0.7752151401994315],
[1712146153.9442728,195035.21459793198,1948523.2496463407,3.740094646004396,-0.011579202738850852,0.8197714299910636],
[1712146153.994924,195035.2156679446,1948523.324264894,3.7041600106202486,-0.005189637497510807,0.8475494065939136],
[1712146154.0455394,195035.22014285883,1948523.6190323434,3.6534179442648806,-0.005874318600053302,0.879276074753479],
[1712146154.0962272,195035.22349202874,1948523.8365612961,3.600143769344055,-0.0019416172585034475,0.9042570649266006],
[1712146154.1468556,195035.22469474396,1948523.908388311,3.5693485405269705,0.0019038570304524272,0.915019967044927],
[1712146154.1974363,195035.22714130513,1948524.0509293075,3.521612157966579,0.0004976872926231168,0.9341180915026949],
[1712146154.2480974,195035.22939727406,1948524.1921870257,3.4928223414035466,-0.0005634381493827278,0.948615483352315],
[1712146154.2987566,195035.23374976788,1948524.4712557406,3.4530348673567817,0.0040887990344352365,0.9728749137863941],
[1712146154.3493686,195035.23737252216,1948524.6775203482,3.422824160011247,0.009566474595853497,0.9874268126395785],
[1712146154.399981,195035.2411060499,1948524.881045184,3.377182445746931,0.010025132799763387,1.0136551577253043],
[1712146154.4506,195035.24231245858,1948524.9482902659,3.3490546341129623,0.006852459406370165,1.0325123801388285],
[1712146154.5011969,195035.24464093792,1948525.08196696,3.306255836818845,0.004922385814571106,1.0643422501924824],
[1712146154.5522242,195035.24932520723,1948525.3459602785,3.2770857023479714,0.011691698400623979,1.0860320204776526],
[1712146154.6027894,195035.2520920861,1948525.4763115447,3.2396983123782634,0.018844159227091428,1.103096116109887],
[1712146154.6533587,195035.256353324,1948525.6698832368,3.213945745002473,0.019394431723498556,1.1047600261507589],
[1712146154.7038777,195035.26048901145,1948525.8613206742,3.178259999014137,0.015616568207966697,1.1054453869891432],
[1712146154.75449,195035.26172652587,1948525.924651247,3.1561573078101066,0.00978228040383608,1.116498924502143],
[1712146154.805086,195035.26626660652,1948526.1755707213,3.1145234818786682,0.0033110333310234774,1.1424639787592796],
[1712146154.855667,195035.2682318069,1948526.299458571,3.074784386269203,0.0008558514235639525,1.1735554743517231],
[1712146154.906233,195035.27024975748,1948526.4222562162,3.0500323163478193,0.006639263786151595,1.1894886684618091],
[1712146154.956808,195035.27379357434,1948526.6044498156,3.009655829165041,0.019260329736349613,1.2005679652896535],
[1712146155.0074322,195035.27782146944,1948526.784303151,2.983974313190301,0.02065178805751816,1.2032724133881636],
[1712146155.0579941,195035.27918127555,1948526.8437507467,2.9464916137105988,0.01869503991902169,1.210939123662885],
[1712146155.1085608,195035.28437172607,1948527.0789743213,2.9196667062824377,0.018526864444545404,1.2185391394708842],
[1712146155.159168,195035.2868232369,1948527.1950119282,2.8801339291324806,0.019824870207401535,1.2402318975448887],
[1712146155.2098053,195035.29032383312,1948527.3673236372,2.8529990084852397,0.023370937964591998,1.2527714341092926],
[1712146155.2604103,195035.29385401672,1948527.537284591,2.815014989918253,0.019970867988279684,1.263446243103661],
[1712146155.311021,195035.2950038171,1948527.5934106142,2.7886895281798125,0.02159949869938077,1.2627924346925916],
[1712146155.3616393,195035.29739046143,1948527.704924107,2.7504283474034508,0.027701476790474827,1.2566499867389573],
[1712146155.4122488,195035.29988440804,1948527.815401103,2.728111584250059,0.025401717253286743,1.256364735702577],
[1712146155.46286,195035.30552930283,1948528.0876281147,2.6950762310342737,0.015147263599746746,1.270893060723749],
[1712146155.5134673,195035.30733663053,1948528.1948823913,2.6705664571342163,0.009363633689696421,1.2880085422785639],
[1712146155.564109,195035.30901611448,1948528.3010903997,2.6314404901133313,0.009245587985365677,1.3128425080917785],
[1712146155.6147296,195035.3108163341,1948528.4063117218,2.609261974289852,0.01654763300983131,1.3233644972604441],
[1712146155.6655264,195035.3129299939,1948528.5106751723,2.5754723259521426,0.024771144613239565,1.3245281690229354],
[1712146155.7161207,195035.31637520896,1948528.6655008239,2.5405347374375924,0.022593835018453245,1.3200079884061993],
[1712146155.7668016,195035.32076524867,1948528.8686334253,2.517415492132494,0.022949649943827227,1.3199314632452286],
[1712146155.8174186,195035.32284732908,1948528.968781624,2.4803643434956095,0.019367403596358523,1.332124826029999],
[1712146155.8680484,195035.32481975865,1948529.0679442897,2.4551444285060064,0.016297832059052192,1.3480599628249554],
[1712146155.918651,195035.32669651276,1948529.1661131154,2.4200833408415114,0.01647837818701628,1.368579329575743],
[1712146155.9692342,195035.32859552046,1948529.263355932,2.3964280923721075,0.019640058198922755,1.3754386081510255],
[1712146156.0200074,195035.33387333472,1948529.502316244,2.3601737109859657,0.024319679704761066,1.3719409791441404],
[1712146156.0706055,195035.33602558236,1948529.5961540565,2.334994886020356,0.024053266848345634,1.3683692563238417],
[1712146156.121187,195035.33816415904,1948529.6890674469,2.2998874039336368,0.026352990529085657,1.3724143169233582],
[1712146156.1717818,195035.3404090811,1948529.781010035,2.2750291788950743,0.02501000697592598,1.3853829857974296],
[1712146156.2223735,195035.34279928906,1948529.8721438781,2.2437358495911486,0.016676983158332576,1.41429676540781],
[1712146156.272979,195035.3450128242,1948529.9624562995,2.2235495268906016,0.010575407587865987,1.4338191521175163],
[1712146156.3239017,195035.35004641628,1948530.1846149433,2.1900566763235463,0.014333470058894043,1.443809023380853],
[1712146156.3745222,195035.35229352635,1948530.2718777903,2.1671391822682047,0.020100365043985463,1.4376675095823714],
[1712146156.4250011,195035.35471083623,1948530.3582233645,2.1333708091498402,0.024686287463062867,1.4204257621803313],
[1712146156.475517,195035.35704335006,1948530.4436796205,2.1069131808707984,0.01785174641374107,1.414794486978317],
[1712146156.526081,195035.35915835947,1948530.5284173824,2.087107453676655,0.012382072961044682,1.4250438153080396],
[1712146156.5766592,195035.36099390418,1948530.6124119505,2.0551423907295385,0.014749782930500596,1.4516755799649244],
[1712146156.6272748,195035.36370627733,1948530.7368957065,2.0331637953436243,0.021116402799235295,1.4670018947394114],
[1712146157.244219,195035.36689317296,1948530.8594109986,2.0225251972019103,0.023190958629607253,1.472897871347215],
