[1712040381.3695729,195035.01564388964,1948392.360874124,1.8961834445237329],
[1712040381.5705378,195035.00679082592,1948392.6809574235,2.098030846948784],
[1712040381.7713664,195034.9936108887,1948393.1645646323,2.3032311982724742],
[1712040381.9722059,195034.98011441834,1948393.7005877814,2.5250343513114246],
[1712040382.1730833,195034.9654643212,1948394.2330837764,2.752282859999397],
[1712040382.374296,195034.94940859164,1948394.8093175283,2.968296259225307],
[1712040382.575448,195034.9349560018,1948395.3659077387,3.202745463430279],
[1712040382.7765625,195034.91456574108,1948396.0940011062,3.4175366385217782],
[1712040382.9774952,195034.89572758143,1948396.8022700367,3.6320449297108977],
[1712040383.178389,195034.8738637947,1948397.63090961,3.8433262884038157],
[1712040383.3796067,195034.8562683566,1948398.2652426867,4.039747709749231],
[1712040383.580581,195034.83166330607,1948399.1816635379,4.241203865267173],
[1712040383.7815707,195034.80626529056,1948400.1469317852,4.445758769067265],
[1712040383.9825468,195034.7875723583,1948400.9717105723,4.650554335587907],
[1712040384.1834333,195034.76831182337,1948401.922887735,4.834884865332469],
[1712040384.3843644,195034.7486332703,1948403.0092317807,5.022094945273323],
[1712040384.585334,195034.73361898478,1948404.0334963226,5.213108700794517],
[1712040384.7862961,195034.7192354125,1948404.9831489022,5.429107055852752],
[1712040384.9872236,195034.70736153112,1948406.0721953758,5.498754225160188],
[1712040385.1881196,195034.69722293824,1948407.3044088199,5.567186625508078],
[1712040385.3889215,195034.68968415333,1948408.2142206365,5.7406766546139965],
[1712040385.590035,195034.6828284861,1948409.479757933,5.833569429994941],
[1712040385.7909293,195034.6774374092,1948410.64275134,5.860865430473529],
[1712040385.9918463,195034.6732401281,1948411.9286749694,5.87072651125725],
[1712040386.1927054,195034.6698572588,1948412.9816180533,5.868880942735332],
[1712040386.3936486,195034.66653711168,1948414.151951868,5.850431586534713],
[1712040386.5946064,195034.66353066007,1948415.4367628216,5.825520563034652],
[1712040386.7952898,195034.66332326047,1948416.7168819457,5.82743763703715],
[1712040386.9961526,195034.66579409837,1948417.6439161,5.811861238414936],
[1712040387.1970854,195034.6689763078,1948418.797394651,5.784286027815724],
[1712040387.3980272,195034.67394859166,1948420.0605990828,5.737571141230822],
[1712040387.5989952,195034.67921436354,1948421.3177413528,5.710599949529088],
[1712040387.7996995,195034.68235747935,1948422.228656699,5.689700527618792],
[1712040388.0005279,195034.68453294094,1948423.4779424388,5.680798322673705],
[1712040388.2013059,195034.68779055562,1948424.719872987,5.664084967471499],
[1712040388.4019902,195034.69023382966,1948425.6195602077,5.642674447309072],
[1712040388.6027868,195034.69213884868,1948426.8557623469,5.644855536738974],
[1712040388.8036945,195034.6952681908,1948428.0910869876,5.638453241419584],
[1712040389.0046146,195034.69602101532,1948429.212847185,5.665779847659368],
[1712040389.2053397,195034.69640940512,1948430.111945304,5.6605046341677685],
[1712040389.4061499,195034.6977127925,1948431.3501082882,5.638833245516302],
[1712040389.6070628,195034.69809805622,1948432.5897393809,5.626842173068995],
[1712040389.8079183,195034.69968302792,1948433.4917971103,5.624830475617717],
[1712040390.0088649,195034.70107520858,1948434.7316391405,5.659387853723394],
[1712040390.2097635,195034.70110240247,1948435.971377978,5.6657685386685515],
[1712040390.4105375,195034.69932186234,1948437.0994017066,5.666973518157861],
[1712040390.6112847,195034.6986627423,1948438.1159837688,5.653294070908738],
[1712040390.812033,195034.696465182,1948439.3593449427,5.648972841609565],
[1712040391.012844,195034.69677004858,1948440.2645279274,5.676571208844673],
[1712040391.2136543,195034.69602271463,1948441.5094175055,5.698704729964417],
[1712040391.4143803,195034.6983281464,1948442.75633115,5.681052510855154],
[1712040391.615259,195034.70000905736,1948443.7782220934,5.689482593193296],
[1712040391.8159447,195034.70191149,1948445.0283038751,5.707487314443313],
[1712040392.016781,195034.7040841457,1948446.1673257127,5.717846807217404],
[1712040392.2178104,195034.70304908507,1948447.1931936746,5.7602924933879365],
[1712040392.4186888,195034.700150772,1948448.3357433467,5.748968787547618],
[1712040392.619638,195034.7009689791,1948449.5983115435,5.765750708340944],
[1712040392.8206034,195034.70242482048,1948450.8635813135,5.83043425587558],
[1712040393.0215333,195034.7037826161,1948451.787410464,5.813027713109071],
[1712040393.2224555,195034.70040720285,1948453.063102208,5.805047775416125],
[1712040393.4233222,195034.69902683859,1948454.2248547145,5.8540009101350705],
[1712040393.6241028,195034.69890064135,1948455.5097635416,5.847838129681979],
[1712040393.8250468,195034.69765159627,1948456.4474671546,5.875152375208368],
[1712040394.0258567,195034.69742816733,1948457.740219313,5.933006183884688],
[1712040394.2265468,195034.7014150095,1948459.0400235036,5.935626309112522],
[1712040394.427594,195034.70623183527,1948459.989290092,5.938812259494439],
[1712040394.6285212,195034.7129349051,1948461.2976449335,5.964821116048429],
[1712040394.8294592,195034.719238495,1948462.4898587125,5.981842223334065],
[1712040395.030374,195034.7250103911,1948463.8050410568,5.982317750650201],
[1712040395.2312043,195034.72792718516,1948464.8825897623,6.00448697533173],
[1712040395.432076,195034.73031946796,1948466.0809376403,6.034919079817787],
[1712040395.6330652,195034.7339184442,1948467.4025806612,6.061443245942426],
[1712040395.8339984,195034.7371984694,1948468.6088445152,6.048860802727315],
[1712040396.0349367,195034.73955317534,1948469.6988103215,6.057028291344429],
[1712040396.2357714,195034.74159657056,1948470.9133375515,6.07595152384664],
[1712040396.4365973,195034.74429056316,1948472.2525505123,6.099174831083783],
[1712040396.637493,195034.7470667227,1948473.595431753,6.143929688402652],
[1712040396.8383512,195034.7499285604,1948474.6975523017,6.165679137898929],
[1712040397.0391479,195034.7542011797,1948475.9264459964,6.1398762065815315],
[1712040397.23995,195034.76329808898,1948477.1580439033,6.139807462338842],
[1712040397.4407449,195034.7757598747,1948478.5145430865,6.220782003172329],
[1712040397.6416183,195034.782435825,1948479.5050003703,6.201523707651351],
[1712040397.842497,195034.79429500073,1948480.995756896,6.218246615449878],
[1712040398.0436745,195034.80231105385,1948482.1146876037,6.2473690025081],
[1712040398.2445884,195034.80891656972,1948483.487892778,6.25993249121049],
[1712040398.4454823,195034.81369728217,1948484.6148181641,6.262460021967954],
[1712040398.6463814,195034.8188895589,1948485.8691229548,6.2923950676096645],
[1712040398.8472693,195034.82449420023,1948487.2521319757,6.292202576728818],
[1712040399.0484514,195034.82594753808,1948488.38629157,6.303095499948773],
[1712040399.249368,195034.82520674675,1948489.6447881223,6.300174911933113],
[1712040399.4502285,195034.82378931352,1948491.0278841988,6.295502709495613],
[1712040399.6511137,195034.82218880206,1948492.0321570209,6.330167702899669],
[1712040399.8520322,195034.82037636286,1948493.4106896562,6.297317603366813],
[1712040400.0528624,195034.81910405296,1948494.7866052368,6.282234973904611],
[1712040400.253638,195034.8178927635,1948495.7843505298,6.232395002671798],
[1712040400.454429,195034.81858386652,1948497.1497809975,6.23045086558791],
[1712040400.6553159,195034.8188284955,1948498.5085088608,6.195718516694379],
[1712040400.8562129,195034.81783023616,1948499.8623689995,6.147505473612437],
[1712040401.057138,195034.81691997117,1948500.8431316374,6.120493172812331],
[1712040401.2579784,195034.81065115926,1948502.1846100804,6.0954649173691955],
[1712040401.4590464,195034.80133570152,1948503.5182354606,6.0625006003506705],
[1712040401.6599367,195034.7936096971,1948504.4843682607,6.010784385000498],
[1712040401.860802,195034.78232972434,1948505.92543568,6.003512173376881],
[1712040402.0615761,195034.7742318963,1948506.9928723178,5.960819062102382],
[1712040402.2623615,195034.76375203786,1948508.2757697494,5.780013053712164],
[1712040402.4631565,195034.75676322557,1948509.189727439,5.65188934351084],
[1712040402.6640046,195034.7471574447,1948510.4169514647,5.497551207453929],
[1712040402.8648372,195034.73861274484,1948511.6097658707,5.336180182469354],
[1712040403.0655522,195034.73088937884,1948512.6639397293,5.2369151086228465],
[1712040403.2663171,195034.72528226284,1948513.5943910496,5.146272362152153],
[1712040403.467184,195034.72021825958,1948514.6149987075,5.085327566665261],
[1712040403.668059,195034.71371760246,1948515.7280926306,5.044640601881254],
[1712040403.86891,195034.71058261138,1948516.731521801,5.0229795597052345],
[1712040404.0698495,195034.709222238,1948517.629698746,4.98372725701651],
[1712040404.2707,195034.71206668075,1948518.7178366412,4.951828784349547],
[1712040404.4715047,195034.72059404213,1948519.701958078,4.929874629929773],
[1712040404.6723495,195034.7326701871,1948520.5831165626,4.9054454937803715],
[1712040404.8733034,195034.75632809487,1948521.6552856162,4.886342332103047],
[1712040405.0742037,195034.78579610938,1948522.5277072478,4.8751027912370795],
[1712040405.27506,195034.831159493,1948523.4926014952,4.845349815662581],
[1712040405.4758623,195034.9038048816,1948524.5461857342,4.826828198483129],
[1712040405.67669,195034.99331500664,1948525.49629722,4.799625449758813],
[1712040405.8774228,195035.09476675538,1948526.3437573041,4.764223086846316],
[1712040406.0781705,195035.23622446417,1948527.2759265928,4.7180975816105315],
[1712040406.2789714,195035.42788619426,1948528.2816059478,4.733422475824553],
[1712040406.47974,195035.63326609068,1948529.1833817349,4.727151386085037],
[1712040406.6806087,195035.89384396985,1948530.162083081,4.7136013574251985],
[1712040406.8814898,195036.13426753122,1948530.953685912,4.6595717248503625],
[1712040407.0823872,195036.43231645218,1948531.8192776812,4.674950512412833],
[1712040407.283529,195036.7943819962,1948532.755087252,4.608136780850111],
[1712040407.4846404,195037.0818450105,1948533.4241099039,4.633481208008141],
[1712040407.685572,195037.51419646866,1948534.326540901,4.6124441202480195],
[1712040407.8865073,195037.98715491404,1948535.2070747048,4.640821883337916],
[1712040408.0874944,195038.3603707729,1948535.8326618627,4.5820827220303615],
[1712040408.2883883,195038.90661293553,1948536.670737108,4.585576368958042],
[1712040408.4892592,195039.49551406395,1948537.479579046,4.629630462954546],
[1712040408.6900637,195040.06152899994,1948538.1932589116,4.680847515243619],
[1712040408.8908703,195040.60018341863,1948538.814682621,4.690729359037045],
[1712040409.0919406,195041.29552039903,1948539.5491855815,4.6155021653797155],
[1712040409.293118,195041.95953390404,1948540.19070655,4.659273134745055],
[1712040409.4942613,195042.5827267875,1948540.7448442536,4.680589221594386],
[1712040409.6951408,195043.36996616912,1948541.396574966,4.689334386449613],
[1712040409.896026,195044.10719225946,1948541.9683006,4.6902902710406815],
[1712040410.0969,195044.78686385808,1948542.4652083819,4.725857893191095],
[1712040410.2977808,195045.71338436846,1948543.1140614438,4.761440984069818],
[1712040410.4985728,195046.42292564065,1948543.5868314877,4.753786524762777],
[1712040410.6993687,195047.14440841807,1948544.046195385,4.7632622249789485],
[1712040410.900196,195048.04214365338,1948544.5891163442,4.768940395445678],
[1712040411.1010747,195048.87180083472,1948545.0632551708,4.797618078382674],
[1712040411.30189,195049.8013801048,1948545.5656016567,4.828466942042306],
[1712040411.5026681,195050.4878600191,1948545.915071205,4.812419889872874],
[1712040411.7033818,195051.44241937326,1948546.3774785185,4.843411935566806],
[1712040411.9040964,195052.41138089285,1948546.812987828,4.830606803767412],
[1712040412.104897,195053.12178032874,1948547.1154396008,4.850722958536608],
[1712040412.3057928,195054.10582817515,1948547.5113618488,4.840889524636068],
[1712040412.5066772,195055.09839214775,1948547.879964965,4.847235182419851],
[1712040412.7075737,195055.82475799887,1948548.132915209,4.82075251887214],
[1712040412.9084604,195056.83017796642,1948548.4548306502,4.812167191140507],
[1712040413.109382,195057.8418555005,1948548.745708013,4.811369946757265],
[1712040413.3102562,195058.76627521135,1948548.9813534447,4.790116392402757],
[1712040413.5111709,195059.6952304908,1948549.188363343,4.785356837200374],
[1712040413.7123394,195060.53488996762,1948549.3483804807,4.775239660504955],
[1712040413.913662,195061.56481812065,1948549.5109545467,4.754966785355783],
[1712040414.1146002,195062.31594803635,1948549.6055484624,4.783563533442314],
[1712040414.3156374,195063.3480989634,1948549.7006854212,4.7648902369485935],
[1712040414.516458,195064.47515723036,1948549.7610082915,4.7876802800678515],
[1712040414.7174153,195065.41586799215,1948549.7781149019,4.752222453156447],
[1712040414.9180207,195066.1687667167,1948549.7696849979,4.729146672866109],
[1712040415.1185844,195067.20282615448,1948549.725724591,4.751733876155639],
[1712040415.3191671,195068.2335200854,1948549.6464895864,4.774987382673204],
[1712040415.5197918,195069.1695739597,1948549.5440109414,4.730554443486758],
[1712040415.7204862,195070.00785532186,1948549.424268417,4.750534543794969],
[1712040415.9216383,195071.0282082099,1948549.2455143258,4.720211627075197],
[1712040416.1225016,195071.85819255988,1948549.0727575247,4.735127692480429],
[1712040416.3233905,195072.77591783885,1948548.8552955631,4.761056082946323],
[1712040416.5242016,195073.77582068933,1948548.5815729478,4.761762860530176],
[1712040416.7251117,195074.49749138975,1948548.360349162,4.753190507342571],
[1712040416.9260323,195075.48114335493,1948548.0254916481,4.73266190792725],
[1712040417.1269543,195076.4520635102,1948547.6552299045,4.732876163712435],
[1712040417.3279278,195077.14964429324,1948547.3622260615,4.809281521114612],
[1712040417.528715,195078.0968668081,1948546.9287565046,4.828402628705496],
[1712040417.7294002,195079.03209904628,1948546.4600666398,4.825726873141531],
[1712040417.9302382,195079.78960278936,1948546.0493220729,4.800333631588229],
[1712040418.131131,195080.6200444467,1948545.5663377745,4.822491603779894],
[1712040418.3320212,195081.5196282756,1948545.0042151213,4.831585290729397],
[1712040418.5328784,195082.1624728788,1948544.5738148035,4.864996643353825],
[1712040418.7340803,195083.03014879854,1948543.9527418811,4.873688934862823],
[1712040418.9349818,195083.876748217,1948543.2977672566,4.9148312965952625],
[1712040419.1358945,195084.62915633907,1948542.6730107134,4.936412573253776],
[1712040419.336792,195085.43705463377,1948541.9524604054,4.955753556615967],
[1712040419.5376596,195086.00902661684,1948541.4083692695,4.918676770444357],
[1712040419.738507,195086.77443435957,1948540.6370889605,4.938568339822963],
[1712040419.939378,195087.50767514756,1948539.8401046298,5.027876119444311],
[1712040420.1402578,195088.01907892205,1948539.239541788,4.995751069002944],
[1712040420.3411245,195088.6952809101,1948538.3860315867,4.947645536763829],
[1712040420.5418582,195089.33107410895,1948537.5046511681,4.9247485340871355],
[1712040420.7426555,195089.76626299878,1948536.85017003,4.9686825465977575],
[1712040420.9435253,195090.37551000077,1948535.8440295116,5.006533688277343],
[1712040421.1444235,195090.79321290305,1948535.068366762,4.95375363109422],
[1712040421.345188,195091.252916189,1948534.0945944632,4.956668440147491],
[1712040421.5459547,195091.58857428312,1948533.2796045702,4.939496581445449],
[1712040421.7467127,195091.91981576462,1948532.359394934,4.967164624178686],
[1712040421.947577,195092.20509433432,1948531.4242263492,4.955919907775855],
[1712040422.1487722,195092.4661992804,1948530.3816794048,4.939400075108593],
[1712040422.3499806,195092.65081266375,1948529.424486945,4.909870858551736],
[1712040422.550899,195092.77848941024,1948528.5573603276,4.918221046172532],
[1712040422.7517934,195092.88258416986,1948527.4927375477,4.900979085594735],
[1712040422.9527087,195092.9290675209,1948526.6204869791,4.925698423262803],
[1712040423.1536565,195092.9405877809,1948525.6486721637,4.925577141287854],
[1712040423.3545094,195092.91649399968,1948524.5758477214,4.923752075223236],
[1712040423.5552342,195092.86780299214,1948523.5990876164,4.917329371421713],
[1712040423.7560074,195092.8089270887,1948522.7188552686,4.921236039270398],
[1712040423.9568934,195092.71788929493,1948521.5421940219,4.9139893237157],
[1712040424.1578956,195092.6456962597,1948520.6560220867,4.902490814054387],
[1712040424.358753,195092.55675080078,1948519.5674908157,4.962747746394743],
[1712040424.5595818,195092.49107658054,1948518.7743067257,4.970650018687312],
[1712040424.7604456,195092.40043014512,1948517.6816605385,4.931353415496339],
[1712040424.9613802,195092.3045944532,1948516.5861065185,4.983903378590524],
[1712040425.1622634,195092.23088009853,1948515.7848315723,4.975198147244734],
[1712040425.3631554,195092.12332287373,1948514.6769890317,4.968223020642011],
[1712040425.5640693,195092.01135172482,1948513.5650797163,5.0454155086794845],
[1712040425.7649398,195091.92919682842,1948512.7551248332,5.061575983524844],
[1712040425.9658785,195091.81296879952,1948511.6387593083,5.086063541860384],
[1712040426.1667526,195091.6965143742,1948510.5191231077,5.067132751914618],
[1712040426.3675182,195091.58786496468,1948509.5017759772,5.129443055545325],
[1712040426.5683,195091.4808197793,1948508.4813268087,5.13531792185667],
[1712040426.7691357,195091.38401759096,1948507.5586915438,5.149829678481263],
[1712040426.9699533,195091.26925799815,1948506.4260591338,5.164584924335214],
[1712040427.1707819,195091.17312914616,1948505.4945761913,5.211533449838424],
[1712040427.3716977,195091.06772754618,1948504.4514408617,5.234502150898264],
[1712040427.5725842,195090.9533332107,1948503.298932881,5.257219170351456],
[1712040427.7737129,195090.8400057936,1948502.1383785522,5.2545299253488515],
[1712040427.9746,195090.75799679858,1948501.2899319855,5.28694434283257],
[1712040428.17543,195090.63618434244,1948500.0128387958,5.327136608796372],
[1712040428.376255,195090.5480458351,1948499.0513369206,5.394737771643986],
[1712040428.577128,195090.45959599546,1948498.0859020944,5.395248668485711],
[1712040428.7779663,195090.35290563348,1948496.9006476167,5.426968007329272],
[1712040428.9788406,195090.25586987703,1948495.817086649,5.4411136868658385],
[1712040429.1795511,195090.14908941468,1948494.6192099287,5.437541054560485],
[1712040429.3802488,195090.0730417943,1948493.7438234377,5.495938325469874],
[1712040429.581036,195089.96672105085,1948492.535023236,5.550761575546029],
[1712040429.7819335,195089.85951079216,1948491.3179948598,5.559929468145868],
[1712040429.9828672,195089.7803771094,1948490.427600586,5.574181818233523],
[1712040430.1837456,195089.66531120086,1948489.199914447,5.600384326327431],
[1712040430.3846927,195089.54679609864,1948487.9714801093,5.615414541416282],
[1712040430.5856283,195089.45799875882,1948487.0819499823,5.569935486264043],
[1712040430.7865129,195089.33804091337,1948485.8746065933,5.4878360405256075],
[1712040430.987436,195089.229791801,1948484.7966286154,5.381129738953512],
[1712040431.188301,195089.11362108146,1948483.6380631207,5.261655768701243],
[1712040431.3892512,195089.0206140953,1948482.7144726666,5.11737522022934],
[1712040431.5901248,195088.9213464876,1948481.7171023635,4.959896156598461],
[1712040431.7908409,195088.81332868952,1948480.659503327,4.76799283559306],
[1712040431.9916544,195088.72793024188,1948479.8286236404,4.5650901604370135],
[1712040432.1924503,195088.63401600078,1948478.9454959764,4.389098226635813],
[1712040432.3931828,195088.5305809025,1948478.0231354942,4.170697702203777],
[1712040432.5939777,195088.43095255716,1948477.2322444322,3.9640669905555788],
[1712040432.7948425,195088.3386622715,1948476.5563085398,3.738067843390562],
[1712040432.9957001,195088.2121772462,1948475.774538129,3.587215124813729],
[1712040433.196601,195088.07644522964,1948475.103320459,3.436933651503892],
[1712040433.3977294,195087.90622410004,1948474.4033679669,3.33681247323174],
[1712040433.5986488,195087.75951982517,1948473.918305262,3.1842233433706633],
[1712040433.799866,195087.5402546288,1948473.2845880105,3.0890446280459365],
[1712040434.0008247,195087.34079810482,1948472.797539055,2.969589822152037],
[1712040434.2017274,195087.09792971806,1948472.292014369,2.8732487136979676],
[1712040434.4028976,195086.80586929782,1948471.7715466851,2.8415589454216623],
[1712040434.6038196,195086.50912620136,1948471.3216174685,2.7945357068178707],
[1712040434.805115,195086.14538460178,1948470.8463583516,2.829325176624762],
[1712040435.0060408,195085.8205999418,1948470.4727917204,2.9315495022819493],
[1712040435.2067802,195085.4287319146,1948470.0744980038,2.9581305995101435],
[1712040435.407581,195084.9634273453,1948469.6665307132,2.9751515879744375],
[1712040435.6084847,195084.60317679372,1948469.3875726757,2.9711947901283047],
[1712040435.8094091,195084.0824559178,1948469.0251286675,2.9764386259452498],
[1712040436.0103846,195083.53093749352,1948468.6983011232,3.0023451611349774],
[1712040436.2112668,195083.11677315205,1948468.4796479144,3.048431172716262],
[1712040436.4124846,195082.5264640307,1948468.2023898482,3.038571115777322],
[1712040436.6134217,195081.91519507454,1948467.9489729297,3.065576360343681],
[1712040436.8141274,195081.3439639897,1948467.7443047394,3.0797223690706654],
[1712040437.0149512,195080.8174331957,1948467.5750654205,3.1570382724264707],
[1712040437.2158158,195080.1586360029,1948467.3749014179,3.1864195375900346],
[1712040437.4169283,195079.54517944573,1948467.205952328,3.1960733703846045],
[1712040437.6178532,195078.85899341406,1948467.0274481378,3.249640716628848],
[1712040437.8188083,195078.35300699424,1948466.8978774573,3.2585585781858777],
[1712040438.0197375,195077.64586663054,1948466.726100755,3.333281131203696],
[1712040438.2204792,195076.91886897158,1948466.5665358263,3.380496313520642],
[1712040438.4212728,195076.37939635816,1948466.4599984838,3.4288359873096868],
[1712040438.6220894,195075.5590197736,1948466.313799604,3.4861730315775947],
[1712040438.8229706,195074.93149595533,1948466.2202380328,3.480256686013344],
[1712040439.0239403,195074.15538206205,1948466.123946265,3.583161395225266],
[1712040439.2248075,195073.51411108222,1948466.0577980352,3.604822283524206],
[1712040439.4257555,195072.79608898988,1948465.9982054327,3.5977453646204602],
[1712040439.626699,195072.00410144348,1948465.947881726,3.611498627498356],
[1712040439.8276496,195071.42926508127,1948465.9176276436,3.5861389126052035],
[1712040440.0286236,195070.65263596002,1948465.881470933,3.51604284473987],
[1712040440.2295232,195069.89502594247,1948465.8489781304,3.4318775450368295],
[1712040440.4304543,195069.22446380596,1948465.821799453,3.315358042121289],
[1712040440.6313665,195068.57471504758,1948465.790435079,3.2294885823827038],
[1712040440.832296,195068.0089326343,1948465.7614978834,3.0956893650968933],
[1712040441.033148,195067.34192982578,1948465.7289445212,2.9814103103741854],
[1712040441.2338579,195066.87308584564,1948465.7043837062,2.8882713296957663],
[1712040441.4349346,195066.2514221017,1948465.6703109122,2.761488030624327],
[1712040441.6358204,195065.61004285805,1948465.6344626064,2.6514395952599417],
[1712040441.836733,195065.15351874684,1948465.609895166,2.5143458288577443],
[1712040442.0378156,195064.6251665201,1948465.579244393,2.36502247695294],
[1712040442.2388325,195064.26524504754,1948465.55784049,2.212047534626311],
[1712040442.4400053,195063.81270972406,1948465.532095324,2.022542223837016],
[1712040442.6408682,195063.48862575812,1948465.5136470622,1.742165825342509],
[1712040442.8423362,195063.18502820263,1948465.4960346678,1.2840582266230973],
[1712040443.0435233,195062.9233667608,1948465.4815063542,1.1259345560810439],
[1712040443.2443633,195062.74243414073,1948465.4735664611,0.6276069324232222],
[1712040444.0427246,195062.66349119085,1948465.4700626782,0.2768204397981655],
