[1714111402.818284,195034.60382083833,1948507.7566193147,-0.04061234836822089,2.2499837800484745,3.1918277686907053,-4.987072784008922e-05],
[1714111402.918828,195034.60218417918,1948507.9794703526,-0.041285948045176366,2.288858841296239,3.2240887332991273,-5.4994227272428134e-05],
[1714111403.0193691,195034.60014034,1948508.2058319084,-0.02974755753325653,2.3130510520917777,3.251420907116018,-4.851104897601587e-05],
[1714111403.1199603,195034.60165047317,1948508.4355606744,-0.040001062840475624,2.341970701762704,3.2821486714137436,-5.412399551588241e-05],
[1714111403.2205372,195034.59893978728,1948508.665985842,-0.029526417896408697,2.370426839188146,3.296816555636696,-1.6537616489601608e-05],
[1714111403.3210812,195034.59808570347,1948508.899979554,-0.033690438782648297,2.393351430811273,3.319741810703956,-5.663090194539759e-05],
[1714111403.4215906,195034.75374613816,1948508.5380778303,-0.03381433691402026,2.4207862533564812,3.3501752518071086,-4.7264275112185833e-05],
[1714111403.5222108,195034.75332955876,1948508.7324478836,-0.030447345339550846,2.4506667627224914,3.3660457556206795,-2.039456828917443e-05],
[1714111403.6228526,195034.75331130018,1948509.0273369318,-0.030706567608674948,2.4759504128354966,3.3818780440275082,-3.29436005271377e-05],
[1714111403.723487,195034.7529384515,1948509.2757283398,-0.03197986122338506,2.5009793825522477,3.4125657733058627,-5.7979313965672886e-05],
[1714111403.824115,195034.7528613798,1948509.4763625744,-0.031015975154987524,2.5285384801343924,3.446662335298797,-6.183986096296454e-05],
[1714111403.9247615,195034.75299455205,1948509.729777338,-0.025878084140557978,2.5570146611589095,3.475064686383738,-4.195225064358446e-05],
[1714111404.0256574,195034.75354027364,1948510.0374811334,-0.026648225734702657,2.58346987308366,3.497299837519939,-4.173326743132103e-05],
[1714111404.126322,195034.75417762433,1948510.2445032094,-0.021987158278152813,2.606805827029011,3.5214023990597134,-4.574851712074879e-05],
[1714111404.226941,195034.75492710638,1948510.5058553962,-0.02806551354511813,2.6367610268014876,3.550564855238278,-5.4679200381367094e-05],
[1714111404.3275392,195034.75543903408,1948510.8234051184,-0.017201906097827624,2.666342101417418,3.5821589129250504,-5.215471660139227e-05],
[1714111404.4281487,195034.75637201004,1948511.0911944576,-0.028126721263727034,2.6919533925982666,3.620380539292222,-8.051420274611762e-05],
[1714111404.5288038,195034.75657702895,1948511.3070346008,-0.02095487850446448,2.7131059365119476,3.662996476112922,-6.592848805472634e-05],
[1714111404.6294465,195034.7578721567,1948511.6336684257,-0.020368091482650258,2.740789201031324,3.7002045162306705,-6.058257471550618e-05],
[1714111404.7300987,195034.7587974573,1948511.8537250876,-0.022361394301192578,2.769386745843512,3.727709411471712,-3.810915206682282e-05],
[1714111404.8307552,195034.760074708,1948512.1871977136,-0.020968594866113327,2.7973072063297275,3.749654535927881,-3.4803014327364584e-05],
[1714111404.931391,195034.7615800916,1948512.468094827,-0.017100693382010562,2.823856168836106,3.762806583587324,-2.5945588253538982e-05],
[1714111405.0320473,195034.7630700579,1948512.6946538498,-0.010772765812630536,2.849862662530308,3.7818592544327876,-4.640497781294484e-05],
[1714111405.1327121,195034.76572237318,1948513.0381545408,-0.014381893551479952,2.8821331642373758,3.8134658219881157,-5.429276043799457e-05],
[1714111405.2333221,195034.76788875295,1948513.3274004306,-0.004318530295011419,2.9045685143301845,3.830099721118049,-2.1717908204252318e-05],
[1714111405.3339713,195034.61824109996,1948514.1671102257,-0.01531085568881363,2.925923878630007,3.854552494338643,-5.6279384809090064e-05],
[1714111405.4346213,195034.6206486699,1948514.459204461,-0.009513750660494369,2.9482419631882855,3.879835620253745,-3.749179164204131e-05],
[1714111405.5352817,195034.6235912185,1948514.7549509113,-0.010816534843650333,2.9701887861790404,3.898816376636325,-4.2271846653615166e-05],
[1714111405.635911,195034.62566757775,1948515.050352942,-0.012800964767878092,2.990498816361957,3.919433945092894,-3.5239287290392694e-05],
[1714111405.7369494,195034.62693607414,1948515.6507573081,-0.013644128949899526,3.015799045414122,3.9428432613606157,-4.200916782846295e-05],
[1714111405.8376281,195034.62693607414,1948515.6507573081,-0.008298316537506928,3.0396746847937006,3.9652685225116975,-4.0429552739755844e-05],
[1714111405.938259,195034.62787986704,1948515.9508500884,-0.008781228615314357,3.0506891525320565,3.978253941993538,-2.626613318893685e-05],
[1714111406.0388784,195034.63152945272,1948516.5603311232,-0.008463302031420594,3.066298811339666,4.002967085885564,-3.892893849455975e-05],
[1714111406.1395082,195034.63152945272,1948516.5603311232,-0.001686410952312728,3.078204463375978,4.016797086454112,-2.9509103172425066e-05],
[1714111406.2401295,195034.63363596084,1948516.8674765788,-0.00837132062495033,3.0982195285544583,4.043537048974044,-4.1882769752168435e-05],
[1714111406.3407786,195034.6384312895,1948517.4866445905,0.0003539155229597135,3.1087162199700185,4.053599337518698,-1.7697535810158873e-05],
[1714111406.44139,195034.6384312895,1948517.4866445905,-0.009259964243622881,3.124134228071874,4.074483186678848,-4.9907067751432186e-05],
[1714111406.5420132,195034.63965509104,1948517.7992065002,0.003141109477805215,3.136165810457247,4.115817025045588,-7.510980687924144e-05],
[1714111406.6426148,195034.635478809,1948518.428361057,-0.0032845238554445877,3.1432120449617713,4.180149790492102,-0.00013329436416090716],
[1714111406.7432244,195034.635478809,1948518.428361057,0.0003505078459482558,3.154123359419459,4.261135125398853,-0.00014309430655855845],
[1714111406.8438423,195034.63872104444,1948518.7433627886,0.00873950886621716,3.1569653268091757,4.330331157902023,-0.0001213005771754345],
[1714111406.9444442,195034.6466041144,1948519.3767586304,0.01876253446509729,3.1710963177329856,4.403079766212672,-0.0001247870734406888],
[1714111407.0450556,195034.6466041144,1948519.3767586304,0.01695124648215962,3.1753441592830587,4.482331911087344,-0.00015196253861836628],
[1714111407.1456678,195034.6518787331,1948519.6943528478,0.020903513426922954,3.185873912739897,4.565292481950751,-0.0001477401768495541],
[1714111407.2464364,195034.664456101,1948520.3284355479,0.029230404137394,3.187875845822231,4.644340631687597,-0.00013140777537149577],
[1714111407.3470523,195034.664456101,1948520.3284355479,0.03383274791305191,3.1929404128358656,4.722930318397556,-0.00014457830753697543],
[1714111407.4476738,195034.67868176277,1948520.9661573942,0.031097459986271475,3.193787677377239,4.805200607972986,-0.00014228444954853035],
[1714111407.5482512,195034.67868176277,1948520.9661573942,0.03633374228736733,3.199100051122421,4.877537805791908,-0.0001133071331930921],
[1714111407.6488554,195034.68449557922,1948521.2868514014,0.049716666560553985,3.203624566867985,4.929229713155574,-6.833827945559569e-05],
[1714111407.749429,195034.7105764218,1948521.923091999,0.04965055090745735,3.208013749867935,4.955371815802951,-3.738660830843491e-05],
[1714111407.8500047,195034.7105764218,1948521.923091999,0.04584028006105828,3.2098063835965185,4.981870462522463,-5.726677591062128e-05],
[1714111407.9505603,195034.72437362222,1948522.5623353997,0.04444795399230367,3.2143427737669423,5.018379639785385,-5.8844054670182465e-05],
[1714111408.0511003,195034.72437362222,1948522.5623353997,0.0519655062146237,3.2151448231490494,5.05342909364428,-7.459021652352441e-05],
[1714111408.1517317,195034.73220958977,1948522.8845181414,0.055715251280087696,3.218952051620679,5.109207020529978,-9.682598681182817e-05],
[1714111408.2523289,195034.74953401342,1948523.531338246,0.059311452725128666,3.2230086572686925,5.170200526035761,-0.00013932159666842198],
[1714111408.3529015,195034.74953401342,1948523.531338246,0.06698910811978276,3.2298045789332934,5.27497435284119,-0.00021067038076281772],
[1714111408.4534905,195034.77180135035,1948524.1740044141,0.07299625286901454,3.2263680048945993,5.410378813581853,-0.0002392736525766427],
[1714111408.5541153,195034.78243886895,1948524.4985261264,0.07701661159754844,3.2297358992273004,5.567982794885743,-0.0002929201835449277],
[1714111408.6547425,195034.79572925248,1948524.8218724553,0.08552148267286774,3.2306505788646134,5.749392117761571,-0.00033399035120736467],
[1714111408.7554584,195034.79572925248,1948524.8218724553,0.09431775566602374,3.2347054929354377,5.975120430317035,-0.00041486054464534615],
[1714111408.856125,195034.82635998502,1948525.4661658218,0.1268714590517185,3.2356651067410818,6.2028412427976205,-0.0003808075043782215],
[1714111408.9574533,195034.84728794667,1948525.7900105275,0.13254781446743052,3.2330448322601297,6.501228341521819,-0.00045808666804631934],
[1714111409.0580997,195034.84728794667,1948525.7900105275,0.15253395275473472,3.227577844347794,6.805732666711923,-0.0005360095575120213],
[1714111409.1587536,195034.89288838996,1948526.435437963,0.15817190634004202,3.225473373333019,7.122257487959941,-0.0005634155033506121],
[1714111409.2594085,195034.91777739598,1948526.7572521395,0.1801532015265858,3.2313820514267726,7.460424177713447,-0.0005980397896821722],
[1714111409.3600771,195034.91777739598,1948526.7572521395,0.19278434185064658,3.2198923090452984,7.818112825080042,-0.0006272552612390374],
[1714111409.4607377,195034.97061019696,1948527.3984501297,0.23335147828226965,3.209687688270089,8.166292588035171,-0.0005967267658933754],
[1714111409.561373,195035.00328219315,1948527.718504279,0.24419742467221503,3.209042338014154,8.51783911713026,-0.000650488491019127],
[1714111409.662021,195035.00328219315,1948527.718504279,0.26093264113505316,3.200300943480989,8.946628627621068,-0.0007744794642196998],
[1714111409.762684,195035.03711938817,1948528.0356693224,0.2927647757755513,3.191958774846264,9.401365353497953,-0.0008015302025585089],
[1714111409.8633344,195035.11040687587,1948528.670356088,0.3111795335752635,3.189233535344873,9.913240088427951,-0.0009198821406198665],
[1714111409.9639578,195035.11040687587,1948528.670356088,0.33544077495849833,3.178472716539408,10.502771135890798,-0.0010626491366255114],
[1714111410.0646229,195035.19678497274,1948529.3050018745,0.38020385528825706,3.1696157048428946,11.133602188197344,-0.0010856143397252847],
[1714111410.1652553,195035.2488041253,1948529.620147476,0.41929524792362316,3.1615618762690834,11.759412522696163,-0.0010825509119590751],
[1714111410.2658997,195035.30884776698,1948529.9380823276,0.46209149895485846,3.147634142340273,12.395344826189076,-0.0011274326521906242],
[1714111410.366954,195035.37317232936,1948530.2521766156,0.4730283498701786,3.139734743428582,13.083128480922815,-0.0012047022420128897],
[1714111410.4676135,195035.44021695445,1948530.562676609,0.5242846462108041,3.1273300576564034,13.776292638551906,-0.0011974027359170063],
[1714111410.5682824,195035.50812834786,1948530.8762884228,0.5481484481519481,3.1212078757614887,14.494872001056972,-0.0013035839449014397],
[1714111410.668944,195035.57670192444,1948531.188935546,0.5836243307803074,3.115512182717668,15.269650122002213,-0.0013557286219611575],
[1714111410.7696087,195035.65100686724,1948531.4963236868,0.6392707609303843,3.1025279508896473,16.041635650690296,-0.0013589962154309733],
[1714111410.8702786,195035.65100686724,1948531.4963236868,0.6909639861697077,3.088890939859599,16.86561453546416,-0.0014863727987033152],
[1714111410.9709227,195035.8231961044,1948532.1028806039,0.7344751878455872,3.0773908349496555,17.761436917893892,-0.0015815633427069633],
[1714111411.0715382,195035.9210864745,1948532.403738252,0.7836301133073404,3.0638517783261325,18.670800192747635,-0.0015880614537831137],
[1714111411.1721687,195035.9210864745,1948532.403738252,0.8194465538610796,3.052296898363752,19.585922914952196,-0.001596349322807417],
[1714111411.272838,195036.12331014412,1948533.0052787713,0.8858397986821778,3.0379527998757005,20.484400909436463,-0.0015533347428318218],
[1714111411.3735063,195036.2282431168,1948533.3042357669,0.9196228015087824,3.0310489508445086,21.377065989822928,-0.001553876971119823],
[1714111411.4741728,195036.33687101133,1948533.599802923,0.9741666155094685,3.013184094582726,22.27921739067141,-0.0015716116219596015],
[1714111411.5748417,195036.4521580409,1948533.8922370987,1.025918194766873,2.9894419936758654,23.16954037448994,-0.0015359187247103536],
[1714111411.6755009,195036.56810960508,1948534.1833913857,1.0763542436465785,2.969486611743631,24.066838887167425,-0.001579078637149114],
[1714111411.776155,195036.68926027807,1948534.4742222782,1.1070424690525755,2.9563819773653,25.013742395967476,-0.0016956498404013588],
[1714111411.876925,195036.81793053952,1948534.7593785848,1.1722643039721108,2.941671274822723,26.169369958791343,-0.0016411862971575982],
[1714111411.9779801,195036.94625045414,1948535.0476192608,1.2217872677931854,2.9182978909176795,27.0817094391582,-0.0015954639036736976],
[1714111412.0786011,195037.08024202415,1948535.331351,1.2650949275061225,2.905079457637385,28.042650249674523,-0.0016836231377112291],
[1714111412.1792002,195037.22053823152,1948535.6118445715,1.3128049890567972,2.8776947217547297,29.017372628642477,-0.00169748032966209],
[1714111412.279844,195037.3656290909,1948535.8925704907,1.3746211832037252,2.8389136286666603,29.974040345840567,-0.001650570887311209],
[1714111412.3804762,195037.5185611088,1948536.1701683418,1.406243117366176,2.8303439193931816,30.988090972059542,-0.0018158572268410045],
[1714111412.4811494,195037.67662649116,1948536.4468350958,1.4617311663942814,2.812459369340897,32.02319017151339,-0.0017593833573791018],
[1714111412.581772,195037.83811928073,1948536.7189764606,1.521176915391162,2.7807184936279707,33.007535607993084,-0.0017069127052373166],
[1714111412.682383,195037.9999118083,1948536.9853404716,1.55563161436236,2.759679371267034,34.02870523261469,-0.0018018772200640337],
[1714111412.7828634,195038.16796576002,1948537.2488224232,1.611255764036129,2.721716760566494,35.08542014330448,-0.0018472069679409558],
[1714111412.8832963,195038.34746399213,1948537.5075863586,1.6662387478262373,2.684992064250592,36.11146642725368,-0.001781756195892387],
[1714111412.983832,195038.52394825185,1948537.7703384361,1.699608251911495,2.6735470242040567,37.10869935272717,-0.0017217864941456188],
[1714111413.0844767,195038.7001982426,1948538.0259145866,1.7454444658844788,2.6353672300842557,38.13287566236309,-0.0018063686556264225],
[1714111413.1851647,195038.8827507374,1948538.2775901076,1.811903743452811,2.587580001036159,39.16686111032847,-0.0017614507196407328],
[1714111413.2857304,195039.08282581766,1948538.5212110742,1.8687378947841917,2.531602711105542,40.19537229668233,-0.00184249151532552],
[1714111413.3862634,195039.288633259,1948538.757232855,1.874570278315844,2.519489623954536,41.3122317313325,-0.001933782476308305],
[1714111413.487035,195039.49913198425,1948538.9970370093,1.9431725997826392,2.4808819483273297,42.37466104607077,-0.0017893184323377596],
[1714111413.5876958,195039.70665655885,1948539.2354954795,1.9801802156092332,2.45442182443596,43.387082955559706,-0.0017952039382953106],
[1714111413.6883128,195039.9178831079,1948539.4728574413,2.01072801944639,2.4238003694501895,44.47720241821674,-0.0019346002509011576],
[1714111413.78894,195040.1293816281,1948539.7036005696,2.057563660765954,2.3687502757807444,45.58255950286309,-0.0018742391428460876],
[1714111413.8896003,195040.33806328615,1948539.930878588,2.1229909041852646,2.3084411412734367,46.5996723049711,-0.0017336677998085765],
[1714111413.9902484,195040.56652232583,1948540.146309432,2.146796058460598,2.272884168107812,47.63630665304961,-0.001889504837004012],
[1714111414.0908904,195040.79912336802,1948540.3579116447,2.1809670483012584,2.25919159699158,48.76763646534398,-0.001971778600529329],
[1714111414.1915493,195041.02692612592,1948540.5630282802,2.2295287732245144,2.196677633319134,49.82847108736575,-0.0017544794710859972],
[1714111414.292201,195041.2563820927,1948540.7632696442,2.27006497202665,2.155069385436231,50.79178340220397,-0.001688119836622327],
[1714111414.3928814,195041.490809354,1948540.9648846807,2.2864531062143456,2.119619939227793,51.78256867880021,-0.0017226597527303447],
[1714111414.4935427,195041.72845877,1948541.165988257,2.3264690410220483,2.0694238229503092,52.73571988368064,-0.0016483036442026635],
[1714111414.5942364,195041.97120145333,1948541.360360576,2.3670395101690453,2.0238667810052995,53.657364630840206,-0.0015857216386928584],
[1714111414.6949656,195042.21852729592,1948541.550135158,2.3982619437009913,1.9842285472887669,54.58017129341193,-0.0016201832104609211],
[1714111414.7956142,195042.46858121516,1948541.7307010957,2.430826264457429,1.9271612175221928,55.48927674169384,-0.0015458306642143643],
[1714111414.896296,195042.72085569683,1948541.904414149,2.436257806764111,1.8944075541704064,56.3559738452338,-0.0015078583270108682],
[1714111414.9969614,195042.97512173935,1948542.0791548486,2.4506758393676025,1.8518639023248193,57.20841772009088,-0.0014632287934732043],
[1714111415.0978518,195043.2379173543,1948542.2556032485,2.4690509180488887,1.8144244550365476,58.133234323477815,-0.0012837704671569538],
[1714111415.198469,195043.49170222183,1948542.4293528195,2.4883526352863172,1.7777677729613648,58.81247215219203,-0.0011386482113932967],
[1714111415.2991388,195043.74723367952,1948542.5960565547,2.513277092360668,1.733970790357828,59.397230513978435,-0.0009852727124939047],
[1714111415.399787,195044.00149245467,1948542.762222644,2.517484664665895,1.7135685041063071,59.92413331528156,-0.0008916511647432135],
[1714111415.5004237,195044.2572377461,1948542.9228307616,2.528596891930969,1.674104592971478,60.37579727010205,-0.0007540136673220974],
[1714111415.6010914,195044.51621799316,1948543.0802269094,2.5267635812325517,1.6553774006473436,60.771226880736215,-0.0006643409229319392],
[1714111415.701716,195044.77445142026,1948543.2411010528,2.525416231639134,1.6345263606954064,61.11567349717057,-0.0005714417066154347],
[1714111415.8023207,195045.0332630359,1948543.397528361,2.530800132642632,1.6100556026965485,61.40264943348641,-0.00048196581217761086],
[1714111415.9029572,195045.29053252406,1948543.554920976,2.530107440563101,1.6025905493172727,61.65103532970938,-0.00041093369658125214],
[1714111416.003579,195045.54893039877,1948543.709180509,2.532404856380981,1.5816512625255124,61.83920732307053,-0.00029799243719142625],
[1714111416.1041887,195045.80688977466,1948543.8649339306,2.5277005908245362,1.5739273704967112,61.982283208691086,-0.00023994893375112834],
[1714111416.2047944,195046.06427575613,1948544.0211194567,2.5239032301122433,1.563414858190226,62.11830658029332,-0.00022871188451684466],
[1714111416.305401,195046.31992237133,1948544.1736725555,2.52118147502974,1.5522039764589,62.23079560699863,-0.00018947814568150603],
[1714111416.406048,195046.57394592982,1948544.3275617927,2.514593924065417,1.5409237324200462,62.327286387281816,-0.00016689893542435415],
[1714111416.5067735,195046.82844231356,1948544.4788801188,2.506352688280695,1.5351734465845321,62.43319553108282,-0.0001841217340718793],
[1714111416.6074164,195047.08103418094,1948544.629982943,2.505719375437374,1.5205403178672865,62.53932279168606,-0.00018851085867313075],
[1714111416.7080717,195047.33435542719,1948544.7802739192,2.496642798101103,1.5158282439491435,62.658176317386584,-0.0002067294907461839],
[1714111416.808762,195047.58722706803,1948544.9283307435,2.496774000080389,1.5047900403191343,62.742788292054556,-0.00011542598901695289],
[1714111416.909427,195047.83619632976,1948545.07576335,2.4861401877131426,1.501381953278318,62.82563708823796,-0.00017193996843383597],
[1714111417.010079,195048.0835593336,1948545.224609241,2.4756062439015647,1.4877423953948106,62.954673456782594,-0.00023640748504899606],
[1714111417.110742,195048.33494975392,1948545.3705838658,2.472776153304641,1.4693202569740582,63.078183956702055,-0.00020225575303465127],
[1714111417.2114058,195048.58777094402,1948545.5145205753,2.468535729398781,1.461708501293073,63.19068733431577,-0.0002101879385254722],
[1714111417.3120492,195048.8372726036,1948545.6559848727,2.4597272712324556,1.458607860283529,63.33848284076895,-0.0002841960772075057],
[1714111417.412745,195048.62849743752,1948545.3588759033,2.4561069065950685,1.441309647615381,63.536772425455815,-0.00036542397230414586],
[1714111417.513374,195048.87510989825,1948545.4998391145,2.456606953098937,1.4220649036916193,63.7659238065385,-0.00041963332392150863],
[1714111417.6140153,195049.0719444484,1948545.611653871,2.441773527571316,1.4161128341648126,64.05507612615271,-0.0005628301435164077],
[1714111417.7147002,195049.3656083678,1948545.7783729522,2.436757839877772,1.3959447423882598,64.40952609709247,-0.000610815427535183],
[1714111417.8153408,195049.61098562053,1948545.9134980072,2.448847972309987,1.3603203017324537,64.71984835669218,-0.000510084895044619],
[1714111417.9159613,195049.85686814424,1948546.046409794,2.4486191645535103,1.3455748646055472,65.02625833161157,-0.0005808786061485685],
[1714111418.016647,195050.05323057983,1948546.1519804145,2.436828405968555,1.3395856612896009,65.40918390908392,-0.0007015728466383084],
[1714111418.1174052,195050.34690019468,1948546.3089063466,2.440102738565321,1.316774857976319,65.80673983426401,-0.0006581667360565976],
[1714111418.2182572,195050.6409040614,1948546.4632327338,2.444204183362291,1.2903027569710355,66.2390006076074,-0.0006261568834531867],
[1714111418.3188,195050.7880321955,1948546.5399588388,2.446608028522923,1.2753310173042889,66.61321250112971,-0.0006650046912401895],
[1714111418.4193873,195051.08274271584,1948546.69150945,2.453570359403348,1.250313055303391,67.00823167015345,-0.0006851179813700667],
[1714111418.5200076,195051.3785156066,1948546.8395430811,2.4584337271878027,1.2356786113473526,67.37418934981474,-0.0006276835388897763],
[1714111418.6206439,195051.5265972989,1948546.9125301975,2.461664019297301,1.217003461922626,67.7209386598919,-0.0006028896237750409],
[1714111418.72156,195051.8228026397,1948547.057434054,2.459375507860255,1.2105213235233232,68.0907560103601,-0.0006519304922075508],
[1714111418.8222342,195052.06985509518,1948547.1763755386,2.4665739437729575,1.1859514764879258,68.45572722693794,-0.000631780740093713],
[1714111418.922803,195052.26779982817,1948547.2701229153,2.4645692988809635,1.1747045733990262,68.82510752566387,-0.0006524007250511511],
[1714111419.0233595,195052.614401928,1948547.431686202,2.4726438481649535,1.1575867678015035,69.19040127452605,-0.0006343125315646616],
[1714111419.1239963,195052.81332659174,1948547.5227217823,2.483059607878448,1.141022403933738,69.54510407813451,-0.0006027313712746419],
[1714111419.2246752,195053.01266223818,1948547.6124589024,2.489117407261097,1.1220803259057326,69.887687856482,-0.0005963510922150825],
[1714111419.3253448,195053.31261910705,1948547.7448113807,2.499153737412629,1.1081364827792701,70.24122989392765,-0.0006316876909559213],
[1714111419.4262156,195053.5130367353,1948547.8320959867,2.5020561312590686,1.0981126330288875,70.61772443348929,-0.0006721163631297232],
[1714111419.5270214,195053.86432276014,1948547.9825222264,2.504515714718802,1.080690849767999,71.00334882162106,-0.0006847109724020458],
[1714111419.6277006,195054.06549077903,1948548.0671554666,2.5158893633612815,1.0614963783898899,71.39743170648579,-0.0006901755041233092],
[1714111419.728373,195054.31785093114,1948548.1707567982,2.520089546530304,1.0475366864567102,71.79600359907857,-0.0007160298399957953],
[1714111419.8290956,195054.62142298426,1948548.2935178296,2.5283277056414235,1.029600429424164,72.20833282461324,-0.0007068391298689855],
[1714111419.929768,195054.82450723246,1948548.3735223785,2.5350245537583667,1.0083958621996327,72.6074951651684,-0.0006921412452851526],
[1714111420.0304434,195055.07897049427,1948548.4718199556,2.542278644378872,0.9968658487974579,73.00420770156201,-0.0006950036134909205],
[1714111420.1311178,195055.38520619855,1948548.5888687524,2.549801385309635,0.9885868924053252,73.43132116313495,-0.0007504650260488585],
[1714111420.231807,195055.5893902953,1948548.6646958862,2.556748728234618,0.9633156279372899,73.86045971257231,-0.0007434278278949178],
[1714111420.332444,195055.84446925516,1948548.7565768226,2.568883809377474,0.9416844355764942,74.272737845101,-0.0007089596061940317],
[1714111420.433106,195056.15201678372,1948548.8643200926,2.576227882559155,0.9239362107849808,74.68319375558923,-0.0007235621283714491],
[1714111420.5337543,195056.35768839117,1948548.9345636824,2.588505883303071,0.9013033511443318,75.09673959316268,-0.0007134494719240102],
[1714111420.6344182,195056.61584408514,1948549.0205493937,2.5938212204200832,0.8880733666146885,75.51346877515145,-0.0007367156471415888],
[1714111420.7351465,195056.9262837347,1948549.1219378372,2.5983243953673956,0.874178285931792,75.94669711541565,-0.0007577247183990497],
[1714111420.8358126,195057.13364547823,1948549.1885239645,2.606878679041099,0.8570629258636303,76.38352030109702,-0.0007556346521852555],
[1714111420.9364734,195057.39405003135,1948549.2695095276,2.615858726368368,0.833040398172767,76.80725146604655,-0.0007367146496417719],
[1714111421.0371566,195057.70753326194,1948549.3641696784,2.625088515722919,0.8193754483142441,77.22905209328331,-0.000736398204140155],
[1714111421.1379254,195057.9173552219,1948549.4261331954,2.6341160377747954,0.799634207950921,77.65477815133116,-0.0007470246447721067],
[1714111421.238519,195058.1801412284,1948549.5014812157,2.6418139512847048,0.775073442098342,78.18568292794089,-0.0007713500922734159],
[1714111421.339125,195058.49681292122,1948549.5888054366,2.653572635902334,0.7545477774100625,78.61907324821586,-0.0007523329337446458],
[1714111421.43974,195058.70867723774,1948549.6451244156,2.658090211034264,0.7340507055230524,79.04553207151358,-0.0007517090726683977],
[1714111421.5403652,195059.0802146866,1948549.7411204744,2.6646689049132037,0.7164933961654921,79.48933244559808,-0.0007745067290793955],
[1714111421.6409826,195059.29347038205,1948549.794015724,2.6758084076709725,0.6920091708891529,79.9267618508493,-0.0007567184354268545],
[1714111421.7415624,195059.61404824653,1948549.8713152462,2.6803073992247866,0.6805161910429841,80.37682264355227,-0.0007919505322376899],
[1714111421.842167,195059.77477972922,1948549.9088888671,2.686598613360431,0.6543600018334348,80.82907388552165,-0.000782817974098575],
[1714111421.9427722,195060.04283382333,1948549.9699370363,2.6871980514250975,0.6484299753483312,81.28263355290026,-0.0007955524870397296],
[1714111422.0433955,195060.36521703895,1948550.0413570409,2.700883577416378,0.6109486746672157,81.72976330459129,-0.0007699256431046535],
[1714111422.1440263,195060.5809932275,1948550.0861411525,2.703908948644358,0.5829539313831228,82.18162476533784,-0.0007953170143041539],
[1714111422.2446516,195060.8507706673,1948550.1401944233,2.705839646099702,0.5790766471892247,82.66687715166556,-0.0008520828281142012],
[1714111422.345339,195061.17510238427,1948550.2031505413,2.7152079235670836,0.5439370981595065,83.13808271715732,-0.0008020934503908267],
[1714111422.4459639,195061.39189839753,1948550.242181385,2.7169365330023822,0.5175413805076529,83.58992061969391,-0.0007993864488806007],
[1714111422.5465887,195061.77177470457,1948550.3081973745,2.7244352294664287,0.5081685258986437,84.08448290389121,-0.0008769960077626213],
[1714111422.6472082,195061.9893809597,1948550.344158611,2.729733429979032,0.48221173600030137,84.58849836096029,-0.0008740430175646304],
[1714111422.7481017,195062.26232157648,1948550.387124153,2.7431524362314463,0.45676809406947666,85.08820874513052,-0.0008529058702945849],
[1714111422.8487363,195062.5908069336,1948550.4345688145,2.744129114125075,0.4263194652396657,85.56810346487867,-0.0008351019825214832],
[1714111422.949314,195062.8099461349,1948550.4647987315,2.74804279893409,0.4136287112966548,86.06809050301987,-0.0008853825303405914],
[1714111423.0499232,195063.08384642497,1948550.50066775,2.75965944439911,0.38182193299089745,86.57237082597818,-0.0008253698904942442],
[1714111423.1505644,195063.35856149739,1948550.5340156762,2.7511952779048565,0.36411849191952217,87.10116847464786,-0.0009411664944903041],
[1714111423.2511852,195063.68824028334,1948550.5718601558,2.7563535010507696,0.331451909084855,87.65639461064436,-0.0009658215298196861],
[1714111423.3517516,195063.964101679,1948550.600062096,2.7685176814615495,0.3141741790711073,88.2142139986772,-0.000995246765041439],
[1714111423.4523149,195064.18523441555,1948550.6211786047,2.7790609711830148,0.28260132026473994,88.74019443125188,-0.0009256383109093055],
[1714111423.5529723,195064.5180332563,1948550.648775009,2.782009615868652,0.2500461851467054,89.25043353044711,-0.000909367231669625],
[1714111423.6535976,195064.79579509245,1948550.6702297798,2.7857010498768853,0.24002750619567484,89.80716323201158,-0.000987203265847893],
[1714111423.75424,195065.07427442228,1948550.6891677177,2.7908705383577113,0.210406917728908,90.36205872067688,-0.0009375107813204258],
[1714111423.8548608,195065.29759824515,1948550.7022770054,2.8042167005695515,0.19096376054981665,90.90303845370656,-0.0009548624100194102],
[1714111423.9554944,195065.63231639648,1948550.7178914158,2.80866755655502,0.12907188016212398,91.42858482056795,-0.000830962653573697],
[1714111424.056117,195065.91246365345,1948550.726597853,2.7927589140341667,0.11843939522864412,91.90189575328506,-0.0008465607505668935],
[1714111424.1567464,195066.1374602131,1948550.7331960516,2.8262281658364135,0.10454401139335733,92.51982760613043,-0.0011153722949204972],
[1714111424.2573566,195067.30365831856,1948550.8199441098,2.8246807158926357,0.09088135962036709,93.1551954512105,-0.001017376848946819],
[1714111424.358485,195067.5862745819,1948550.8182440144,2.837390271391468,0.024949035380864956,93.7768464050836,-0.0008599912370912555],
[1714111424.4592001,195067.5862745819,1948550.8182440144,2.837221505883156,0.01683844973507541,94.37999082350527,-0.001150810755927975],
[1714111424.5597677,195067.86957489475,1948550.807791496,2.846059363033311,-0.017396960498553042,95.02528541682632,-0.0011305506553332175],
[1714111424.6603742,195068.4430217535,1948550.779682712,2.862267509566937,-0.048276464609136455,95.684470637939,-0.0011497829905853442],
[1714111424.7609286,195068.4430217535,1948550.779682712,2.8803705694492487,-0.08859858236838382,96.33302046282806,-0.0011410727861367658],
[1714111424.8615665,195069.01582097833,1948550.7410590183,2.8802591349244446,-0.10601239311340173,97.01527819436274,-0.001207605441188718],
[1714111424.962189,195069.3029896208,1948550.7173968847,2.8843622731213525,-0.15876048274529694,97.69400797241398,-0.001164729818194361],
[1714111425.0627728,195069.3029896208,1948550.7173968847,2.882060569097191,-0.1757587153533676,98.36983763148652,-0.0012237009495421774],
[1714111425.1633754,195069.5906728749,1948550.690334168,2.8975274780435165,-0.22339417846904325,99.09568616420665,-0.0012372696513240744],
[1714111425.263964,195069.33156242242,1948550.629518078,2.8998267944171676,-0.2764872827259085,99.75403874678729,-0.0011636628993524256],
[1714111425.3646336,195069.5636641608,1948550.6045461325,2.9203110031940986,-0.3052399624606017,100.44290359703993,-0.0012097777868427702],
[1714111425.4652846,195069.9708520889,1948550.5551909977,2.9177474720414738,-0.337757467462699,101.14010736884256,-0.0012377610849633807],
[1714111425.5659506,195070.20356399973,1948550.5250019056,2.91292501713072,-0.356612486173148,101.88241181414767,-0.0012941761134750813],
[1714111425.6665661,195070.43596096744,1948550.4924361901,2.9146719773748746,-0.4050132948603222,102.60911593525871,-0.0012369680150450002],
[1714111425.7672048,195070.8428475069,1948550.4290025746,2.9166229474641057,-0.44486974429784815,103.31527035365474,-0.0012217638958375782],
[1714111425.8679383,195071.07537485758,1948550.3891756537,2.9156217159797664,-0.48330941031148633,104.03294424756685,-0.0012448491241230856],
[1714111425.9686346,195071.4237202887,1948550.325410589,2.9120893846301965,-0.5173646607978459,104.77435130389237,-0.0012986123043993458],
[1714111426.0692563,195071.59790455273,1948550.2913494909,2.9130290119345124,-0.5592372897614648,105.5194326170393,-0.0012748950413113257],
[1714111426.169918,195072.00415578482,1948550.2064052343,2.911375553226113,-0.5957172842469127,106.25465120709828,-0.0012830723293697551],
[1714111426.2705674,195072.23511087033,1948550.15299934,2.901893902958739,-0.639937955600516,106.97389631380658,-0.0012525341671234718],
[1714111426.3711882,195072.5812095311,1948550.0690674281,2.904826709118855,-0.6726994507888102,107.70313550338454,-0.0012700311573098058],
[1714111426.471807,195072.86933741585,1948549.9951371995,2.899587710254371,-0.7118105122722922,108.4376597067461,-0.0012820954369187907],
[1714111426.5724611,195073.099492092,1948549.9334893036,2.8941945518666192,-0.74429958115631,109.17732340312331,-0.001284651076806914],
[1714111426.673321,195073.44388379095,1948549.8361269494,2.884165856517572,-0.7915147185482634,109.90226581891395,-0.0012558578883560666],
[1714111426.7739441,195073.730405276,1948549.7504764425,2.88546617302166,-0.8256754147059172,110.62905946144072,-0.001278742278805281],
[1714111426.8745785,195073.95941344879,1948549.6795783932,2.876421139244748,-0.8686909924913803,111.38008346108536,-0.0013080355221286328],
[1714111426.9751818,195074.18759414088,1948549.6055745692,2.871244635611284,-0.9072335082166336,112.1212350076523,-0.001290196925698111],
[1714111427.0758078,195074.5863810547,1948549.470144398,2.8659767405503285,-0.9478066285145349,112.8570740058148,-0.0012661687592089394],
[1714111427.1764705,195074.75697201007,1948549.4097891557,2.8619523888187683,-0.9845750828402164,113.59435717868557,-0.001290903394987992],
[1714111427.2771063,195075.1545082467,1948549.2657219167,2.852774055258532,-1.026085746277831,114.34729379974145,-0.0013123525966939552],
[1714111427.377714,195075.38091537048,1948549.1801116308,2.8450406289071535,-1.0544543781674915,115.10468529922082,-0.0013244978679027488],
[1714111427.4788575,195075.7753594311,1948549.0247928405,2.8261703689991426,-1.1128912098627883,116.01706548784149,-0.0013065562237127395],
[1714111427.5795255,195075.99928320743,1948548.9321376414,2.811537940880606,-1.1462636020387493,116.75887398962269,-0.001284468187112558],
[1714111427.6801639,195076.22246847008,1948548.837591794,2.803769833035695,-1.1804013519693544,117.51316502700051,-0.0013184395526656821],
[1714111427.780878,195076.61114506863,1948548.666047091,2.790798221961566,-1.227505570604355,118.26455581146183,-0.0012987229696587179],
[1714111427.8814955,195076.8324473902,1948548.5645385636,2.7854893159763754,-1.2554603803892534,119.01275337560294,-0.001314012028245623],
[1714111427.9821036,195077.05330606663,1948548.460850939,2.771138778074064,-1.3065608942622586,119.774003142786,-0.0013254586405016552],
[1714111428.082759,195077.4377595084,1948548.2719384083,2.765501263827857,-1.3431943358874556,120.53462327263668,-0.0013300208898776775],
[1714111428.1833987,195077.65653078485,1948548.1605370012,2.748134037142429,-1.3893780991572315,121.27892563268036,-0.001286794997409889],
[1714111428.2840147,195077.92853480164,1948548.016803005,2.7374484963292627,-1.4223330270585652,122.00936466920759,-0.0012943691913341391],
[1714111428.3846884,195078.2537152485,1948547.83988336,2.7292173352856075,-1.4592803924851812,122.75530300956999,-0.0013074292871591963],
[1714111428.485331,195078.4698816647,1948547.71855977,2.7240002650342197,-1.5066889689784984,123.47997939716446,-0.001264741067380423],
[1714111428.5859597,195078.73990126766,1948547.562731354,2.723267805931611,-1.5502848009587789,124.2193677589867,-0.0013106433480107246],
[1714111428.6865683,195079.06334884357,1948547.3705037986,2.71700659565426,-1.5924247267711495,124.98174302982878,-0.0013394396824862004],
[1714111428.7871764,195079.2781829134,1948547.2385588395,2.702937790637843,-1.6474293780586087,125.728677921731,-0.0012897031506536837],
[1714111428.887763,195079.54560886,1948547.0688429645,2.697467705517285,-1.6868783198386077,126.46122193063705,-0.0012881893654039013],
[1714111428.9884093,195079.86630080696,1948546.860346868,2.6984287324356195,-1.7241441676178204,127.22851529325392,-0.0013351832202376018],
[1714111429.0890727,195080.0794879793,1948546.7180137364,2.687025687442299,-1.772439825743373,127.97798833233793,-0.0012883535919440098],
[1714111429.1897275,195081.01239362863,1948546.1807270278,2.682459076549683,-1.817271665454221,128.71767739142393,-0.00130385635989583],
[1714111429.2903297,195081.27341832817,1948545.9879151438,2.6693621730946493,-1.8605400730885167,129.48038236911404,-0.0013218057779316437],
[1714111429.3909814,195081.53404577958,1948545.7891242676,2.651714984782368,-1.9114459501419272,130.20292633421292,-0.0012312820032079675],
[1714111429.4916227,195081.7960980051,1948545.5880843252,2.642741892728682,-1.9605294322446076,130.91202631719398,-0.0012559681697145641],
[1714111429.5922825,195082.04761381636,1948545.3810164682,2.640460732181718,-1.9920284547703264,131.64403869616612,-0.0012891696335885685],
[1714111429.692979,195082.3010002986,1948545.1723753023,2.6196457964450115,-2.034291118034033,132.3714898136003,-0.0012431885141674817],
[1714111429.7936468,195082.55589930117,1948544.9569328937,2.6148559028081477,-2.0751268105556333,133.09146015204172,-0.0012754643993793343],
[1714111429.8942792,195082.8121137053,1948544.7405414495,2.597206132787887,-2.11892611127821,133.80620714740076,-0.001226476153788875],
[1714111429.994894,195083.0633121188,1948544.5212337999,2.5746272404039385,-2.162754155853444,134.51639282020884,-0.0012559551607131275],
[1714111430.0955431,195083.31081823623,1948544.294832196,2.5510573149874665,-2.20662454071422,135.2439590001126,-0.0012686650119021906],
[1714111430.1962025,195083.55715597974,1948544.0620897172,2.5348219288428986,-2.2451591348155473,135.96901130293043,-0.0012578809714872531],
[1714111430.2968793,195083.80060798078,1948543.8238229933,2.514489776665645,-2.289876307790613,136.68718022513656,-0.0012542888303704142],
[1714111430.3975532,195084.04433652613,1948543.5816798867,2.512342539086947,-2.321700187844186,137.43860631182918,-0.001316047837097531],
[1714111430.4982808,195084.28576477335,1948543.3394786748,2.4854760481045672,-2.375328719306778,138.32227682044987,-0.0012596878081102803],
[1714111430.5987163,195084.52774269652,1948543.0940159964,2.4527100384106517,-2.42168758113628,139.01497042383673,-0.0011913803625187677],
[1714111430.6991925,195084.76627654608,1948542.842434454,2.429531440972244,-2.461146177033582,139.67894239831148,-0.0011312187893065197],
[1714111430.7997842,195085.0103766057,1948542.5878001393,2.422472634578085,-2.496765801083404,140.32491833702852,-0.0011266565547596408],
[1714111430.900416,195085.24459163618,1948542.3276624538,2.4036769364504402,-2.536580030749665,140.9702560655885,-0.0011090630219748308],
[1714111431.001004,195085.476883063,1948542.0661630512,2.380763251937636,-2.57528480578719,141.56179176583703,-0.0010029766849591337],
[1714111431.101522,195085.7088945647,1948541.8065292463,2.357142540580359,-2.593648340703575,142.13079484894294,-0.0009659319437430149],
[1714111431.2021523,195085.93671236373,1948541.5431104302,2.3204314659157665,-2.605434540927916,142.65243998837667,-0.0008803002325077465],
[1714111431.3027594,195086.16763626316,1948541.2770250516,2.287540184300118,-2.6159434933734214,143.15801173073737,-0.0008984124716854433],
[1714111431.4033852,195086.39218975988,1948541.0080937438,2.272660610328182,-2.613099628066626,143.69740541757815,-0.0009414594795527304],
[1714111431.5040057,195086.61379883537,1948540.743255315,2.202863394560285,-2.6237504749429292,144.16249500446372,-0.0007603448285358617],
[1714111431.6045227,195086.83166411225,1948540.477064829,2.1452233470192623,-2.589467439738527,144.60304154974128,-0.0008008507959146322],
[1714111431.7049353,195087.0444887455,1948540.206256485,2.0835571717433914,-2.5654426665580936,145.08542121095127,-0.0008172050428663681],
[1714111431.8054569,195087.25594023388,1948539.9386454478,2.055673631081518,-2.5295564798418337,145.57369089282022,-0.0008543286244989287],
[1714111431.9060805,195087.45058678323,1948539.6700639399,1.9831119079173338,-2.5192238402083578,146.0108754383889,-0.0007668910500542421],
[1714111432.0066817,195087.64698177975,1948539.4128191394,1.943421927134228,-2.483719938168708,146.44754421520614,-0.0007739411117140317],
[1714111432.107297,195087.83622690715,1948539.158623954,1.8794872081179266,-2.4491305403257484,146.87082526865086,-0.0007441197340018891],
[1714111432.2079227,195088.02372533476,1948538.907079242,1.8261694315350545,-2.4080573835314785,147.31607947258937,-0.0007918302089134013],
[1714111432.3090322,195088.2048353047,1948538.6590184574,1.7673974043683793,-2.381905113640044,147.75419445603328,-0.0007089168442856945],
[1714111432.4096665,195088.37642310426,1948538.4131868856,1.7064938035910988,-2.385397286629787,148.10732859699127,-0.0006381416216131644],
[1714111432.510176,195088.5444084316,1948538.1684610494,1.6997864805829719,-2.3583926289389203,148.52224862723352,-0.0007114157387849936],
[1714111432.6106956,195088.70738077568,1948537.9318692973,1.6686114810667259,-2.3537183328720586,148.92573827901057,-0.0007258199481378306],
[1714111432.7112038,195088.86522103258,1948537.6916889995,1.651587826656736,-2.3780451986810647,149.33365365299875,-0.0006784072239608631],
[1714111432.8118315,195089.0264486239,1948537.4544726766,1.6553995148103362,-2.3878807279310412,149.74024429274806,-0.000753362125370995],
[1714111432.9124742,195089.186166343,1948537.2127557427,1.6433761821762378,-2.4293470482332933,150.20916847074716,-0.0008202332099893835],
[1714111433.0131183,195089.34633570668,1948536.9621395038,1.6295943444021599,-2.47281428538117,150.6557797703521,-0.0007358326569049155],
[1714111433.1136994,195089.50643165197,1948536.7084395639,1.6230673548545254,-2.507478011075274,151.0314034698358,-0.0006996775795687601],
[1714111433.2143595,195089.66199416836,1948536.454372957,1.6493168328408792,-2.534710544080278,151.54812223726762,-0.000974654252044373],
[1714111433.3149111,195089.81702168068,1948536.1913195953,1.6394824928212361,-2.579510896446351,152.09537006803768,-0.000901979340776223],
[1714111433.4154527,195089.97128627502,1948535.9242448949,1.6180615847854436,-2.640918155780384,152.57800369975473,-0.0008224910491764596],
[1714111433.5160446,195090.12853384682,1948535.6491333805,1.6445691767917512,-2.665615204336941,153.0879221025297,-0.0009013297593170016],
[1714111433.6166282,195090.28804768252,1948535.371219855,1.631457111514006,-2.7281751314340084,153.60844007788086,-0.0008498223327891438],
[1714111433.7171826,195090.4478755246,1948535.087589171,1.6020936813929774,-2.7996737422453113,154.05629102719797,-0.0007838645285038488],
[1714111433.817734,195090.6005322469,1948534.802519793,1.6153263483967957,-2.817743897519155,154.58409187432338,-0.0010137756729744467],
[1714111433.9183362,195090.747792775,1948534.5105173865,1.6076871200965286,-2.844511378090378,155.21456409271522,-0.00102228292114651],
[1714111434.0193782,195090.89807486525,1948534.2180549947,1.5479076488764227,-2.9068745424255145,155.79602927440956,-0.0008195009461815064],
[1714111434.1201634,195091.04438326132,1948533.9226354712,1.5483873191401751,-2.9368037018009656,156.32237714727196,-0.0009571819531539723],
[1714111434.2207766,195091.18927060967,1948533.619774965,1.5553622782456942,-2.9573345907579145,156.935407712793,-0.0010819128397291512],
[1714111434.3212626,195091.33193051766,1948533.3166962361,1.5044739482837168,-2.9994571747772136,157.52303682274376,-0.0009704578872781501],
[1714111434.421684,195091.47164927312,1948533.012625793,1.4848531615072056,-3.0200165377004993,158.06022981034874,-0.0009353396410470758],
[1714111434.5221877,195091.6146378122,1948532.7059610512,1.457361106957186,-3.041364921658371,158.6509920006157,-0.0010558489399276855],
[1714111434.6228092,195091.7495224515,1948532.3937105837,1.4314415474565716,-3.055528842375093,159.30779914890604,-0.0011604370174249754],
[1714111434.7233636,195091.88368300133,1948532.0805705686,1.3957647947245584,-3.0834530573625973,159.9731937830567,-0.0011286060912580448],
[1714111434.8238382,195092.00565677733,1948531.7613408493,1.3487382300126398,-3.1140936612903016,160.62004758419556,-0.0011391448510260842],
[1714111434.9243183,195092.1295177844,1948531.44289951,1.3377626000356726,-3.127624847170668,161.32811160752146,-0.0012623051538718172],
[1714111435.0249367,195092.2528603576,1948531.1254052338,1.2905204505069325,-3.151641218736912,162.0622391624246,-0.0012690272427164835],
[1714111435.1257966,195092.37029529052,1948530.8056690947,1.2498689412506097,-3.1669616070199726,162.81618425415772,-0.001339531164633334],
[1714111435.2267673,195092.48691939467,1948530.4829858288,1.2180161760581958,-3.1837210185532587,163.65979056676636,-0.0014901477135302625],
[1714111435.3273563,195092.5949326119,1948530.1561321316,1.1585594269271202,-3.2147437816614692,164.53974901974317,-0.0015306347452739312],
[1714111435.4280143,195092.69481241345,1948529.828177625,1.104534591080287,-3.228961919363148,165.4096481705386,-0.0015231895841405553],
[1714111435.528781,195092.79017179814,1948529.5001818563,1.0695110959970393,-3.2401868796577142,166.32179899053125,-0.0016304904211102745],
[1714111435.6293538,195092.880719439,1948529.1732346732,1.013517264636859,-3.2551656599645202,167.26781354782096,-0.0016400228217592584],
[1714111435.729871,195092.96816894953,1948528.8434487316,0.9454774942550042,-3.2717513083287533,168.1831354775018,-0.0015743974782267624],
[1714111435.8304949,195093.05005430122,1948528.511708417,0.9108962528764045,-3.2770970315574353,169.1182966158754,-0.001679989208396139],
[1714111435.931112,195093.12605890128,1948528.1802785033,0.8508670825033576,-3.292723487153413,170.11312110341999,-0.001715063769566245],
[1714111436.0317333,195093.19730001982,1948527.848343613,0.7665509016340069,-3.302028630145258,171.06528786681318,-0.0016366287889993157],
[1714111436.1323743,195093.25935004465,1948527.514006711,0.7282135915489762,-3.3061754829276455,172.0257873351077,-0.0017157251605901288],
[1714111436.233039,195093.3156598303,1948527.1779184563,0.6701863801537415,-3.311055034111707,173.03348873302735,-0.0017416460273250848],
[1714111436.3336189,195093.36455997094,1948526.8427074782,0.6075252244695243,-3.31619737538176,174.02362184325088,-0.0017244328311880534],
[1714111436.4342523,195093.12410606077,1948527.0006960956,0.5431862249947268,-3.3133237917850273,175.0235274111697,-0.0017624249411052194],
[1714111436.534858,195093.16241377394,1948526.7351113332,0.494578315428345,-3.314342407142656,176.0631480018387,-0.0018020455670164962],
[1714111436.6354482,195093.20549893045,1948526.4030688435,0.4387330645165679,-3.3183368589005346,177.0739085301708,-0.0017201958179078216],
[1714111436.7360854,195093.24930784912,1948526.003925547,0.37454471353050733,-3.3245443696673176,178.04446322410178,-0.0016775890162996016],
[1714111436.8367908,195093.2739718047,1948525.7377211,0.31918709461655914,-3.3217231734415913,179.03622208514653,-0.0017515896248629548],
[1714111436.937424,195093.29487758843,1948525.4720008036,0.25791112677293265,-3.314343392655588,180.05567636405394,-0.0017622511136017815],
[1714111437.038041,195093.32136559542,1948525.0078025747,0.18469881246701914,-3.3129530684490875,181.0540742444,-0.0017150403164495225],
[1714111437.138604,195093.33061223512,1948524.7429986582,0.1273730144943627,-3.3107838306424644,182.04198852658533,-0.0016963782114158424],
[1714111437.2394888,195093.3382204688,1948524.3454899017,0.07487316226116826,-3.3216041425383684,183.20725993350206,-0.0016971047627021313],
[1714111437.3401635,195093.33891663593,1948523.9474595555,0.018925775845926418,-3.323461693479319,184.16715908109938,-0.0016484630086460485],
[1714111437.4408875,195093.33620087523,1948523.748624374,-0.03776074702975887,-3.3126839521913034,185.06649424446005,-0.001530436279219934],
[1714111437.5415313,195093.32420199696,1948523.3523733392,-0.09631873259655546,-3.3072700005683004,185.87090731720372,-0.001351076958977946],
[1714111437.6422005,195093.30525308545,1948522.9566655017,-0.13045523920549243,-3.305691835479274,186.58829755633758,-0.0012047455040513182],
[1714111437.7428677,195093.2937055642,1948522.7590426118,-0.17587648868756883,-3.3028468320713205,187.22484796466625,-0.001073043917661273],
[1714111437.8435001,195093.26612758782,1948522.3635383155,-0.20137173723634902,-3.3088655341782474,187.78767348262426,-0.0009531194573083454],
[1714111437.944042,195093.24019555055,1948522.0339444445,-0.2338922465830702,-3.3010751614332596,188.26855157430063,-0.0008033689444882277],
[1714111438.0446577,195093.2046396971,1948521.639165577,-0.2626493401608775,-3.299745516907812,188.67221189013173,-0.0006785433861057204],
[1714111438.1453156,195093.1792620083,1948521.3766471813,-0.28164702350567705,-3.292709067825416,189.00287967946272,-0.00054129379839973],
[1714111438.2464511,195093.14563977893,1948521.0483672735,-0.30359745747514405,-3.281515709271133,189.23518671839742,-0.0003522109273177751],
[1714111438.346984,195093.10387006126,1948520.655808261,-0.29888682023591523,-3.2655123897608997,189.38365333940666,-0.00023876382096294673],
[1714111438.447534,195093.07656167413,1948520.3942526611,-0.31033499944555776,-3.274731646273658,189.5127052948778,-0.000184442408721666],
[1714111438.548177,195093.048177799,1948520.1330845342,-0.3206858930435159,-3.2719953570305975,189.55039836584774,-4.576874678293559e-05],
[1714111438.6488895,195092.9975015452,1948519.6760318947,-0.31751206346739325,-3.2776584974408243,189.55365123540588,-7.3358486719988824e-06],
[1714111438.7495604,195092.96911646935,1948519.4148765798,-0.3153965173064693,-3.2763808588500596,189.57099485029684,-2.0327800532918875e-05],
[1714111438.8506174,195092.94080919446,1948519.1534503035,-0.32149918368382246,-3.2728731104831774,189.58487792894155,3.8568110180127165e-06],
[1714111438.9512932,195092.88987305286,1948518.6968719687,-0.32676666420579986,-3.263292694487419,189.58340997785498,-2.919908951598722e-06],
[1714111439.0520158,195092.86169769606,1948518.4368416208,-0.30656170428967683,-3.260804151186719,189.642195415743,-9.77587480608483e-05],
[1714111439.152795,195092.8325294351,1948518.1767709537,-0.34311386080051953,-3.259433509556019,189.6201101643454,0.00010933814772649003],
[1714111439.2535248,195092.77984429136,1948517.7190137396,-0.3303601491490731,-3.275291672549892,189.5626912965654,0.00012409888411421237],
[1714111439.354558,195092.75251433675,1948517.4562198212,-0.3124312874528238,-3.2552756875131696,189.61552380576697,-0.00012458768351820778],
[1714111439.4552426,195092.71781056025,1948517.12822108,-0.3117447360241019,-3.250402938911878,189.66295838172417,-7.571488272304195e-06],
[1714111439.555701,195092.67513417065,1948516.73570401,-0.32563807661228183,-3.2492960216659057,189.66046323973436,1.3138321789571762e-05],
[1714111439.6561573,195092.64633488224,1948516.4741399966,-0.31527643169153563,-3.2525806959236645,189.65827220638047,-2.624895091446768e-05],
[1714111439.7567377,195092.61827971754,1948516.212592872,-0.3173143693078719,-3.247369637677684,189.68180837553422,-3.2661829898486084e-05],
[1714111439.8574107,195092.56806261739,1948515.755765605,-0.3224853546283747,-3.242098814701139,189.68734811163378,-8.556513348221893e-06],
[1714111439.9580948,195092.5401427806,1948515.4957649882,-0.29525986901793316,-3.2078359181994243,189.7162537905069,-0.00010058057940567835],
[1714111440.058776,195092.51290728932,1948515.2370859177,-0.327169270794629,-3.215032669315653,189.72340538103057,1.9021742212208095e-05],
[1714111440.160175,195092.4617726873,1948514.7857797411,-0.3195680107443951,-3.198837030004367,189.6885480364993,2.3724168656354725e-06],
[1714111440.2608852,195092.434682592,1948514.5282211846,-0.31006219560537546,-3.184723138435163,189.708177797796,-4.910234886335309e-05],
[1714111440.361547,195092.40796135768,1948514.2716144493,-0.3101258704946045,-3.156642692999009,189.70203296396667,2.2345215597596427e-05],
[1714111440.4620903,195092.36102881157,1948513.8260663191,-0.30518482590748514,-3.1497112450864595,189.66375604130775,4.920274181873632e-05],
[1714111440.5626597,195092.33509257503,1948513.5722446956,-0.2993520082575096,-3.14072461398648,189.6633759826332,-2.3205789526794497e-05],
[1714111440.663347,195092.29656540096,1948513.1929764939,-0.2999819604407016,-3.1236010861563663,189.67566846058835,-1.751421632506019e-05],
[1714111440.7640047,195092.25712852643,1948512.8165140974,-0.3098039412915302,-3.100776515901522,189.66421753724097,2.5872669208513676e-05],
[1714111440.8647056,195092.23715263576,1948512.6294494006,-0.30117409472270484,-3.081901213366331,189.65084591796446,1.9258070930436354e-05],
[1714111440.9655259,195092.19865639618,1948512.2577898186,-0.28746206955438425,-3.0603586042285165,189.64824674101854,-2.363552596511835e-06],
[1714111441.065989,195092.16062398482,1948511.8887674992,-0.29437991773879296,-3.045088836852417,189.65035344164625,2.065424799894263e-06],
[1714111441.1665752,195092.1418596488,1948511.70487095,-0.2796453863514775,-3.033811416879751,189.6619493339683,-3.145036130409409e-05],
[1714111441.2672672,195092.09720571403,1948511.279312852,-0.2931690782190758,-3.011418414022243,189.67045320118783,4.684653228536981e-06],
[1714111441.3678439,195092.0709403071,1948511.0389337777,-0.28155340143517277,-2.9786842496500165,189.6448606638166,3.4208396269917374e-05],
[1714111441.4683378,195092.04548071756,1948510.8004894026,-0.2864587837393022,-2.948849653938485,189.6419136801711,-1.3310391798263144e-05],
[1714111441.5691266,195092.00034652374,1948510.3898304019,-0.2784327992531088,-2.8857589799116825,189.64484973848545,2.1704120416171532e-06],
[1714111441.6698444,195091.97605640735,1948510.1593219172,-0.260992223129008,-2.8476352554090485,189.65582291345407,-2.813131032033474e-05],
[1714111441.7705097,195091.95199285136,1948509.9318911736,-0.2643272132968473,-2.7923882317297304,189.6446941197434,2.1033228113566888e-05],
[1714111441.8711374,195091.91024217178,1948509.5433390148,-0.25866808866694657,-2.6998027155117215,189.66179381013708,-0.00010944527087356855],
[1714111441.9717574,195091.8868410285,1948509.3265736096,-0.25903455197794134,-2.6594098623442397,189.70540449596518,-4.776651012323543e-05],
[1714111442.0722787,195091.86285031665,1948509.1142042975,-0.2642781674073811,-2.594216675440114,189.6759859982497,-1.4869119670540208e-06],
[1714111442.17271,195091.82284839457,1948508.7516610262,-0.2275998158868064,-2.5478381132865358,189.7029462109643,-0.00010218452006161347],
[1714111442.2731335,195091.80208253686,1948508.5478220407,-0.23668806915003204,-2.4787934959780307,189.73698304297378,-5.303900903524835e-06],
[1714111442.3735783,195091.77425726136,1948508.2986733948,-0.24639270419485226,-2.4233878945449163,189.7043249982528,5.7937149210855576e-05],
[1714111442.4741287,195091.7421410643,1948508.0067972958,-0.22714748714358185,-2.37095930095516,189.72172288354358,-5.8746185379890525e-05],
[1714111442.5746734,195091.72213163428,1948507.8168439062,-0.21867344226359547,-2.3143012113464985,189.75437710679384,-4.7434282564377583e-05],
[1714111442.6751728,195091.69698374573,1948507.584106444,-0.21769218188698658,-2.2708514443278482,189.76596709017588,-1.957151760167715e-05],
[1714111442.77575,195091.667276334,1948507.3108295242,-0.22130217132320273,-2.2309100212082646,189.77385882389729,-1.5688502920361223e-05],
[1714111442.8763406,195091.6471949567,1948507.132549563,-0.2268740375659047,-2.1532047465309074,189.77874922133657,1.7558075728474524e-05],
[1714111442.976975,195091.61677259105,1948506.8702599136,-0.21231063218195445,-2.1706434422661234,189.78628740423923,-9.831211299012973e-05],
[1714111443.077483,195091.59406021825,1948506.650081052,-0.1949271760084979,-2.1758036395038527,189.86062310128935,-0.00014366806648773115],
[1714111443.1780303,195091.57466776698,1948506.4743235558,-0.2205395819330473,-2.179449430300261,189.89514204001912,-8.801978947742934e-05],
[1714111443.2785876,195091.55039431807,1948506.2556452944,-0.2144258129585268,-2.1893953084672,189.8975389615923,1.7321157914537734e-05],
[1714111443.379134,195091.5223441107,1948505.992731299,-0.21389478379740046,-2.1965070222563616,189.90022464038202,-4.0161677993933006e-05],
[1714111443.4798868,195091.50365297927,1948505.816444288,-0.21418822167108303,-2.2125855021013945,189.97766142265803,-0.0001264000803059424],
[1714111443.58032,195091.46970103358,1948505.5055354398,-0.22902752916617244,-2.228973956454203,190.03822456893178,-9.715165454364295e-05],
[1714111443.680892,195091.44903301197,1948505.3264717949,-0.2336285181903417,-2.251771946323995,190.08172104431742,-8.692994786132682e-05],
[1714111443.7815547,195091.41854427912,1948505.0552642152,-0.22607093525026645,-2.2714629689417185,190.12775865629763,-8.031934777366154e-05],
[1714111443.8822467,195091.40317873057,1948504.9186492735,-0.2445411823628484,-2.2922819379460853,190.15103441566788,-2.508461542392337e-05],
[1714111443.982945,195091.3815815843,1948504.7353590254,-0.22291284013117837,-2.3103613773872778,190.15145096482914,7.224574982195018e-06],
[1714111444.0836134,195091.34601752946,1948504.4120317576,-0.24344774420192494,-2.321544978604361,190.14654372337125,1.597235698568807e-05],
[1714111444.1842892,195091.32420139015,1948504.22573914,-0.24713077103156192,-2.3361644812279554,190.16388570962897,-5.5135958456846136e-05],
[1714111444.2849894,195091.28919231103,1948503.9450428963,-0.24918872915917095,-2.3425843598009295,190.17942660085697,-5.996077583668988e-05],
[1714111444.3857272,195091.25577092843,1948503.6645546604,-0.22211772821839787,-2.321963570840481,190.24711181730672,-0.00012677654041697397],
[1714111444.4864016,195091.2277324169,1948503.4334573082,-0.24207394342382957,-2.2941707981794766,190.25377291452307,2.8474548766173198e-05],
[1714111444.5869672,195091.2049428588,1948503.250639958,-0.23658087549898177,-2.2615451377403195,190.21586824798868,5.081043031973642e-05],
[1714111444.6875358,195091.1723385122,1948502.9824870827,-0.22860451901796258,-2.183071520648414,190.2191910128545,-1.6512923609503555e-05],
[1714111444.7882106,195091.1458288874,1948502.7674164947,-0.22246455831514006,-2.108549954152264,190.2426153648133,-2.830307985833056e-05],
[1714111444.8889244,195091.12511285726,1948502.6010414914,-0.21870412531434158,-2.028941166332441,190.23713893403735,2.4614771719958172e-05],
[1714111445.528837,195091.10977532895,1948502.4797868102,-0.2164146153744697,-1.9905688448460437,190.234146479322,6.748722285876531e-06],
