[195034.61796159198,1948495.611938079],
[195034.60713534377,1948496.204431234],
[195034.59900937948,1948496.8496038022],
[195034.59224435815,1948497.545241248],
[195034.58319123203,1948498.2897180594],
[195034.57690415528,1948499.0789436796],
[195034.57376843703,1948499.909167019],
[195034.57054697035,1948500.7824386216],
[195034.56154893446,1948501.6874028966],
[195034.5567187996,1948502.6305024822],
[195034.55488349753,1948503.6039111048],
[195034.55050942503,1948504.6091093223],
[195034.54776767886,1948505.642868912],
[195034.65627399983,1948506.3981656025],
[195034.65717904107,1948507.3866749085],
[195034.65990662272,1948508.5083518852],
[195034.66497625443,1948509.768514834],
[195034.67103108668,1948510.7010047247],
[195034.68159057,1948512.005274355],
[195034.69560877557,1948513.3289001668],
[195034.71202144376,1948514.5441794477],
[195034.7285746622,1948515.7687856571],
[195034.74887872292,1948516.998151746],
[195034.77546856835,1948518.1067391052],
[195034.83027309034,1948519.5840497676],
[195034.89207835626,1948520.6884694933],
[195034.9742763088,1948521.7867780952],
[195035.11120438413,1948523.1078492156],
[195035.28588823334,1948524.3966847984],
[195035.43399047095,1948525.3074729305],
[195035.66989363433,1948526.5153383946],
[195035.91905601489,1948527.5658892093],
[195036.19919753837,1948528.915018218],
[195036.5313274228,1948529.8923028577],
[195036.89731098383,1948530.8215890822],
[195037.50510682765,1948532.1493121085],
[195037.72280086888,1948532.5761950386],
[195038.41934099625,1948533.8001665222],
[195038.6667513775,1948534.1958403005],
[195039.18392334087,1948534.9687852745],
[195040.0265863012,1948536.0697000728],
[195040.62352026656,1948536.7637155224],
[195040.92632702936,1948537.1044172016],
[195041.55855353444,1948537.7500399086],
[195042.57492392548,1948538.6475529424],
[195042.9126154668,1948538.9328841884],
[195043.615512678,1948539.4770055653],
[195044.69963949118,1948540.2326334948],
[195045.44011139136,1948540.7032160372],
[195045.81475468597,1948540.9231377798],
[195046.94910168223,1948541.5476310297],
[195047.32912840619,1948541.7423235567],
[195048.10317877895,1948542.1009376873],
[195049.2653189332,1948542.5874512885],
[195050.0549514545,1948542.8735140264],
[195050.85579462675,1948543.1292978053],
[195051.6499858587,1948543.367678286],
[195051.85018521934,1948543.2705737366],
[195052.63389416487,1948543.4762805386],
[195053.34074529953,1948543.6445935075],
[195054.04922150754,1948543.794620348],
[195054.91622629706,1948543.956748935],
[195055.70468467535,1948544.084027717],
[195056.41207998036,1948544.1819742415],
[195057.27490035407,1948544.2798647685],
[195058.13496089392,1948544.352409192],
[195058.75865064337,1948544.391081476],
[195060.3572283107,1948544.630589505],
[195061.14435474118,1948544.6164491067],
[195061.9294500299,1948544.5912442387],
[195062.70043962984,1948544.547135663],
[195063.46910556348,1948544.4803148308],
[195064.23317403015,1948544.3994464676],
[195065.0015236209,1948544.3011374867],
[195065.76481326824,1948544.181533227],
[195066.52480363383,1948544.0455765252],
[195067.2781287657,1948543.9038553217],
[195068.02440052715,1948543.7254457967],
[195068.76179968036,1948543.5283343133],
[195069.50048405468,1948543.3305150112],
[195070.23179218598,1948543.1156883822],
[195070.9584171192,1948542.8764748597],
[195071.67448080346,1948542.6271249878],
[195072.38891716363,1948542.3660848644],
[195073.09296245902,1948542.0990976407],
[195073.7899638422,1948541.8130160817],
[195074.4794089033,1948541.506767936],
[195075.16155956464,1948541.1940359292],
[195075.84022959042,1948540.8689380877],
[195076.50785881263,1948540.5362340282],
[195077.16088296074,1948540.1919501834],
[195077.80966661943,1948539.8375764042],
[195078.44787490417,1948539.474986396],
[195079.07764883974,1948539.1009823931],
[195079.7062280216,1948538.7247878248],
[195080.321968565,1948538.3460659056],
[195080.92033002788,1948537.9455891645],
[195081.50654733853,1948537.5443351718],
[195082.08747408394,1948537.1401252905],
[195082.6485259036,1948536.713316634],
[195083.2036341174,1948536.2850727485],
[195083.75643995486,1948535.8549758832],
[195084.28768351983,1948535.4184349237],
[195084.80965654558,1948534.975691647],
[195085.31916980835,1948534.5306992317],
[195085.81880363365,1948534.0816789716],
[195086.31022361814,1948533.6356923582],
[195086.18555257696,1948533.5262583534],
[195086.58252746356,1948533.1555435502],
[195087.0015599019,1948532.7545343095],
[195087.43634743846,1948532.3298469875],
[195087.77279425994,1948531.9955086627],
[195088.16451363644,1948531.5916989155],
[195088.5084426221,1948531.226750368],
[195088.84157532454,1948530.8556658316],
[195089.1658566547,1948530.4749823874],
[195089.48510658008,1948530.084940966],
[195089.8221996106,1948529.642439039],
[195090.0585211216,1948529.3091952244],
[195090.3690232344,1948528.834090751],
[195090.61145257985,1948528.4317288224],
[195090.86302542948,1948527.96992402],
[195091.1196673151,1948527.4474874951],
[195091.31058355302,1948527.0073449458],
[195091.50374072097,1948526.5048326266],
[195091.69302280407,1948525.9376329149],
[195091.85222783562,1948525.355651217],
[195091.95019520994,1948524.9258009684],
[195092.0570868798,1948524.3211699754],
[195092.12749539354,1948523.7600164502],
[195092.17153483204,1948523.1322692933],
[195092.183426863,1948522.5518612762],
[195092.17507714784,1948521.9649804276],
[195092.15384225096,1948521.4912743045],
[195092.10728112923,1948520.8318632399],
[195092.04679680988,1948520.1645169132],
[195091.99558885323,1948519.6736852294],
[195091.92399595625,1948518.9791115604],
[195091.85170377666,1948518.2756198377],
[195091.78275369093,1948517.628180863],
[195091.7217551954,1948517.0387359783],
[195091.65127232386,1948516.3055796365],
[195091.58690603243,1948515.5578337382],
[195091.53131954494,1948514.9397069283],
[195091.47296561836,1948514.2452036424],
[195091.41885947125,1948513.6161675674],
[195091.3473563052,1948512.7672273926],
[195091.29091253673,1948512.1261272419],
[195091.23595777823,1948511.4797446239],
[195091.16613777904,1948510.6815264241],
[195091.098757358,1948509.8746791896],
[195091.04753921367,1948509.2827084877],
[195090.97412016912,1948508.4621195444],
[195090.90424292884,1948507.6314026222],
[195090.85184301145,1948507.0234112053],
[195090.77836292027,1948506.181566923],
[195090.7083966619,1948505.3298783866],
[195090.65762666482,1948504.7043124381],
[195090.5874676664,1948503.8385033861],
[195090.51722228192,1948502.9650049694],
[195090.46020980462,1948502.2438235646],
[195090.3923280027,1948501.3573715515],
[195090.34248965277,1948500.7108558677],
[195090.27551382876,1948499.8156382013],
[195090.20916974,1948498.9150037556],
[195090.16109503942,1948498.256168462],
[195090.09229289688,1948497.3445982728],
[195090.02135151907,1948496.4227575248],
[195089.95046277074,1948495.4941635935],
[195089.89054778937,1948494.7289403663],
[195089.82565670184,1948493.8735279355],
[195089.7665279052,1948493.1010364126],
[195089.6942021997,1948492.1532497786],
[195089.61940958616,1948491.1992246876],
[195089.5578417204,1948490.4140320017],
[195089.4889185139,1948489.5371418686],
[195089.4145141811,1948488.5680070317],
[195089.35299191202,1948487.7711790618],
[195089.28423868094,1948486.8831734322],
[195089.20922948577,1948485.9025316087],
[195089.13965139212,1948485.0083383576],
[195089.0749708337,1948484.2017169248],
[195088.9918674762,1948483.212883469],
[195088.91669101597,1948482.3118128753],
[195088.83973627764,1948481.4142472295],
[195088.77871378855,1948480.7052365635],
[195088.69648969406,1948479.751352372],
[195088.62375762503,1948478.9140471157],
[195088.5462025816,1948478.0278966622],
[195088.47770033154,1948477.2556560591],
[195088.41545912216,1948476.5151031548],
[195088.35655852937,1948475.806321626],
[195088.30647407082,1948475.1953880377],
[195088.2503638588,1948474.4838311977],
[195088.2106272917,1948473.9900539184],
[195088.15931351847,1948473.3460042945],
[195088.10880981188,1948472.743394258],
[195088.07036103855,1948472.3360137732],
[195088.0252886535,1948471.8310275897],
[195087.97978690645,1948471.3763808007],
[195087.9532488186,1948471.111203054],
[195087.9532488186,1948471.111203054],
