[195034.62794800528,1948492.8450661064],
[195034.6291980799,1948493.9599106759],
[195034.6310111591,1948495.2906304162],
[195034.62229765672,1948496.835139037],
[195034.60633366735,1948498.5891258349],
[195034.59794215905,1948500.5100753026],
[195034.5757984,1948502.5514989959],
[195034.55612067995,1948504.6739806496],
[195034.54175883543,1948506.8484579434],
[195034.6992538325,1948508.5570691684],
[195034.70018629357,1948510.7159075364],
[195034.7107495841,1948513.0746060414],
[195034.73103168007,1948515.27253093],
[195034.61989565482,1948518.1821706851],
[195034.64891586112,1948520.506982444],
[195034.82804945786,1948522.242323789],
[195034.9252576706,1948524.7604303753],
[195035.12016576578,1948527.0792977095],
[195035.43739043688,1948529.185735053],
[195036.00079483553,1948531.5090604878],
[195036.81043458465,1948533.7699503398],
[195037.74415230434,1948535.668827912],
[195039.24246682087,1948538.1450492723],
[195040.81323583482,1948539.8930603284],
[195042.59891790483,1948541.4071813377],
[195044.560702112,1948542.704592269],
[195046.6644472704,1948543.7669170755],
[195048.48084165034,1948544.394716561],
[195050.74342066402,1948545.1930428804],
[195052.8650142899,1948545.8118023183],
[195055.10131460268,1948546.317043902],
[195057.44113892535,1948546.7056650699],
[195059.69307074262,1948546.9385151837],
[195061.8478762099,1948547.031896422],
[195064.5527184154,1948547.1233663207],
[195066.79385020008,1948546.9453553448],
[195069.00884318902,1948546.6325261986],
[195071.18261260874,1948546.1829867824],
[195073.74656340765,1948545.4827061924],
[195075.41444463196,1948544.9207613294],
[195077.4427602499,1948544.0987435041],
[195079.06403913276,1948543.1902235532],
[195080.8936629578,1948542.2006635754],
[195082.7868052833,1948541.0116920106],
[195085.2037579472,1948539.4214175523],
[195086.82684334047,1948538.0532716585],
[195088.3255044047,1948536.6008101983],
[195089.71039857285,1948535.036943564],
[195090.70012837992,1948533.699514019],
[195091.92552887346,1948531.5502385949],
[195092.56639592128,1948530.033500878],
[195092.82341746154,1948528.466583265],
[195093.1640960811,1948526.4969304535],
[195093.22920997711,1948524.4567923483],
[195093.05134710696,1948522.587843481],
[195092.7484439667,1948520.515022535],
[195092.51717507088,1948518.7675503339],
[195092.30459908687,1948516.7770881786],
[195092.13466052068,1948514.9541296707],
[195091.96924867737,1948512.9796396818],
[195091.81170240295,1948511.0174835077],
[195091.65657950248,1948509.1467787551],
[195091.51123595866,1948507.358097351],
[195091.35916722982,1948505.4222300337],
[195091.21671862857,1948503.645544797],
[195091.06112754272,1948501.7929443885],
[195091.04983966803,1948501.6568357989],
