[1.5063,-0.0824],
[3.0199,-0.11],
[4.6484,-0.076],
[6.3053,-0.0942],
[7.9286,-0.0805],
[9.5731,-0.0852],
[11.11,-0.0816],
[12.7052,-0.0949],
[14.2665,-0.061],
[15.785,-0.0852],
[17.4477,-0.0381],
[19.0761,0.1005],
[20.6613,0.3906],
[22.1659,1.0582],
[23.4606,1.986],
[24.4448,3.1196],
[25.1466,4.6295],
[25.4468,6.1326],
[25.6464,7.6315],
[25.7876,9.1511],
[25.9527,10.6991],
[26.1443,12.3785],
[26.3251,13.9092],
[26.499,15.4878],
[26.6771,17.0808],
[26.8153,18.6713],
[27.0318,20.2666],
[27.2754,21.8552],
[27.518,23.3844],
[27.7646,24.9148],
[28.0088,26.518],
[28.2122,28.0863],
[28.4379,29.7225],
[28.642,31.3095],
[28.8324,32.8755],
[29.0069,34.4595],
[29.1858,36.0261],
[29.4115,37.6058],
[29.6679,39.1918],
[29.924,40.7569],
[30.1581,42.3427],
[30.4004,43.9163],
[30.6019,45.5131],
[30.766,47.0952],
[30.9368,48.7525],
[31.106,50.4104],
[31.2485,52.0895],
[31.5378,53.6229],
[32.1857,55.2084],
[31.8479,56.7319],
[32.172,58.2351],
[32.448,59.8663],
[32.6642,61.4924],
[32.7622,63.1594],
[32.6337,64.6853],
[32.2748,66.2668],
[31.5891,67.7712],
[30.7539,69.224],
[29.7346,70.5273],
[28.6686,71.7589],
[27.4088,72.966],
[26.1357,74.0783],
[24.8386,75.1214],
[23.538,76.1779],
[22.2236,77.2052],
[20.861,78.1221],
[19.487,78.9453],
[18.0758,79.683],
[16.6168,80.3256],
[15.1233,80.858],
[13.5873,81.319],
[12.076,81.6729],
[10.5401,81.9747],
[8.938,82.1981],
[7.1806,82.3498],
[5.5843,82.426],
[3.9463,82.3051],
[2.3487,82.1306],
[0.7806,81.8922],
[-0.7925,81.5633],
[-2.3264,81.2146],
[-3.8783,80.7569],
[-5.4235,80.2513],
[-6.9289,79.6537],
[-8.5224,78.924],
[-9.9845,78.2289],
[-11.3669,77.4535],
[-12.7288,76.6567],
[-14.0568,75.8047],
[-15.326,74.9231],
[-16.5648,74.0214],
[-17.7655,73.1099],
[-18.9309,72.0935],
[-20.2669,71.014],
[-21.3798,69.8484],
[-22.3362,68.447],
[-23.002,66.9881],
[-23.4674,65.4413],
[-23.7457,63.891],
[-23.9315,62.3174],
[-24.0811,60.7498],
[-24.1626,59.0993],
[-24.211,57.5708],
[-24.1988,55.9003],
[-24.1898,54.2977],
[-24.1641,52.7972],
[-24.119,51.2878],
[-24.096,49.7503],
[-24.1233,48.0574],
[-24.158,46.4608],
[-24.231,44.816],
[-24.3206,43.2073],
[-24.3948,41.5394],
[-24.5105,39.8821],
[-24.6423,38.1581],
[-24.7499,36.6548],
[-24.8514,35.128],
[-24.9508,33.6148],
[-25.0458,32.0471],
[-25.1248,30.3407],
[-25.1754,28.8017],
[-25.2337,27.2711],
[-25.2982,25.7361],
[-25.3277,24.2098],
[-25.3308,22.7032],
[-25.3534,20.9664],
[-25.3575,19.2328],
[-25.4014,17.4568],
[-25.4259,15.9358],
[-25.4599,14.3596],
[-25.4864,12.8552],
[-25.5232,11.1961],
[-25.5255,9.5057],
[-25.3942,7.9021],
[-25.0681,6.3788],
[-24.5513,4.9248],
[-23.681,3.5102],
[-22.517,2.3031],
[-21.2591,1.4694],
[-19.6502,0.9217],
[-18.1087,0.6355],
[-16.5562,0.5582],
[-14.9323,0.5433],
[-13.2879,0.5405],
[-11.6768,0.4895],
[-10.1015,0.4782],
[-8.4711,0.3717],
[-6.9734,0.2829],
