[195034.65114699095,1948411.5777852538],
[195034.65129258018,1948411.5864638456],
[195034.65146019877,1948411.5953211254],
[195034.65163570904,1948411.6043502712],
[195034.65181335126,1948411.6135624473],
[195034.65199986318,1948411.6229518931],
[195034.65219752773,1948411.6325236117],
[195034.6523892786,1948411.6422750528],
[195034.65259270804,1948411.6522077967],
[195034.65259270804,1948411.6522077967],
[195034.65303976534,1948411.672609277],
[195034.65303976534,1948411.672609277],
[195034.65303976534,1948411.672609277],
[195034.65349637985,1948411.6937072943],
[195034.65349637985,1948411.6937072943],
[195034.65394088894,1948411.715476618],
[195034.65394088894,1948411.715476618],
[195034.65458513284,1948411.7379037538],
[195034.65458513284,1948411.7379037538],
[195034.65583456325,1948411.7727169308],
[195034.65583456325,1948411.7727169308],
[195034.65669849367,1948411.7966886251],
[195034.6571103801,1948411.8089041961],
[195034.65750241216,1948411.8212718102],
[195034.65750241216,1948411.8212718102],
[195034.6582588566,1948411.8464646162],
[195034.6582588566,1948411.8464646162],
[195034.65899281568,1948411.8722654798],
[195034.65899281568,1948411.8722654798],
[195034.65969155057,1948411.8986554674],
[195034.65969155057,1948411.8986554674],
[195034.6603806687,1948411.9256236483],
[195034.6603806687,1948411.9256236483],
[195034.66149532012,1948411.96704939],
[195034.66149532012,1948411.96704939],
[195034.66149532012,1948411.96704939],
[195034.66273058843,1948412.00953146],
[195034.66315777696,1948412.023916155],
[195034.66315777696,1948412.023916155],
[195034.66406242413,1948412.053027165],
[195034.66406242413,1948412.053027165],
[195034.66406242413,1948412.053027165],
[195034.66502821664,1948412.0825470882],
[195034.66502821664,1948412.0825470882],
[195034.66601465477,1948412.112435024],
[195034.66601465477,1948412.112435024],
[195034.66695612343,1948412.1426077604],
[195034.66695612343,1948412.1426077604],
[195034.66824602682,1948412.1884200878],
[195034.66824602682,1948412.1884200878],
[195034.6690202822,1948412.2193858952],
[195034.66939328716,1948412.2350003535],
[195034.66977824553,1948412.2507077279],
[195034.66977824553,1948412.2507077279],
[195034.67063664395,1948412.2823941314],
[195034.67063664395,1948412.2823941314],
[195034.67163222388,1948412.3144064837],
[195034.67163222388,1948412.3144064837],
[195034.67163222388,1948412.3144064837],
[195034.67326430415,1948412.3630627124],
[195034.67326430415,1948412.3630627124],
[195034.67485636706,1948412.4126311496],
[195034.67536529523,1948412.429399477],
[195034.67536529523,1948412.429399477],
[195034.67637473164,1948412.4632680817],
[195034.67637473164,1948412.4632680817],
[195034.67637473164,1948412.4632680817],
[195034.6773758135,1948412.497603566],
[195034.6773758135,1948412.497603566],
[195034.67833295974,1948412.532348517],
[195034.67833295974,1948412.532348517],
[195034.67958937297,1948412.5851323283],
[195034.67958937297,1948412.5851323283],
[195034.67958937297,1948412.5851323283],
[195034.6808568609,1948412.6386502497],
[195034.68128040084,1948412.6566488896],
[195034.68128040084,1948412.6566488896],
[195034.682134346,1948412.6928817595],
[195034.682134346,1948412.6928817595],
[195034.6830214439,1948412.7294272808],
[195034.6830214439,1948412.7294272808],
[195034.6830214439,1948412.7294272808],
[195034.68399893466,1948412.7662805286],
[195034.68399893466,1948412.7662805286],
[195034.68560396574,1948412.8222028653],
[195034.68560396574,1948412.8222028653],
[195034.6866936278,1948412.8599693512],
[195034.68721965727,1948412.8789922947],
[195034.6877290042,1948412.8981231104],
[195034.6877290042,1948412.8981231104],
[195034.68878096476,1948412.9366394407],
[195034.68878096476,1948412.9366394407],
[195034.68987774046,1948412.9755374368],
[195034.68987774046,1948412.9755374368],
[195034.69100125274,1948413.0148069041],
[195034.69100125274,1948413.0148069041],
[195034.69214226733,1948413.0544389777],
[195034.69214226733,1948413.0544389777],
[195034.6937930899,1948413.114863062],
[195034.6937930899,1948413.114863062],
[195034.6937930899,1948413.114863062],
[195034.69525733206,1948413.176594095],
[195034.69573045318,1948413.1975045255],
[195034.69573045318,1948413.1975045255],
[195034.69650922186,1948413.2397677614],
[195034.69650922186,1948413.2397677614],
[195034.69650922186,1948413.2397677614],
[195034.69717481598,1948413.2826613],
[195034.69717481598,1948413.2826613],
[195034.69792703024,1948413.3261502183],
[195034.69792703024,1948413.3261502183],
[195034.6988479361,1948413.3703710053],
[195034.6988479361,1948413.3703710053],
[195034.70058986783,1948413.4382506951],
[195034.70058986783,1948413.4382506951],
[195034.70185275358,1948413.4847246092],
[195034.70248609,1948413.5083566082],
[195034.70309424857,1948413.5322657668],
[195034.70309424857,1948413.5322657668],
[195034.70422713459,1948413.5809464783],
[195034.70422713459,1948413.5809464783],
[195034.70529525712,1948413.6307746582],
[195034.70529525712,1948413.6307746582],
[195034.70645344548,1948413.6818317203],
[195034.70645344548,1948413.6818317203],
[195034.70645344548,1948413.6818317203],
[195034.70855741214,1948413.760960496],
[195034.70855741214,1948413.760960496],
[195034.71099033847,1948413.843187706],
[195034.7117718202,1948413.871253782],
[195034.7117718202,1948413.871253782],
[195034.71322111078,1948413.92836371],
[195034.71322111078,1948413.92836371],
[195034.71322111078,1948413.92836371],
[195034.71449185075,1948413.9868506023],
[195034.71449185075,1948413.9868506023],
[195034.71565435108,1948414.0467861309],
[195034.71565435108,1948414.0467861309],
[195034.7169618392,1948414.1082264557],
[195034.7169618392,1948414.1082264557],
[195034.71845194616,1948414.171226658],
[195034.71845194616,1948414.171226658],
[195034.72080197098,1948414.2687422573],
[195034.72080197098,1948414.2687422573],
[195034.72241385703,1948414.335759478],
[195034.72323351348,1948414.3698870947],
[195034.7240349501,1948414.4044256401],
[195034.7240349501,1948414.4044256401],
[195034.72558835556,1948414.4747444417],
[195034.72558835556,1948414.4747444417],
[195034.72710756765,1948414.546792903],
[195034.72710756765,1948414.546792903],
[195034.72865586818,1948414.6206023598],
[195034.72865586818,1948414.6206023598],
[195034.72865586818,1948414.6206023598],
[195034.73028357772,1948414.6961070148],
[195034.73028357772,1948414.6961070148],
[195034.73291442278,1948414.8124333653],
[195034.73291442278,1948414.8124333653],
[195034.73481323043,1948414.8921406148],
[195034.73579825438,1948414.9326713085],
[195034.73679420145,1948414.97369247],
[195034.73679420145,1948414.97369247],
[195034.7388842112,1948415.0570382262],
[195034.7388842112,1948415.0570382262],
[195034.74088173348,1948415.1420653122],
[195034.74088173348,1948415.1420653122],
[195034.7428216524,1948415.2287774915],
[195034.7428216524,1948415.2287774915],
[195034.7446816922,1948415.3172295208],
[195034.7446816922,1948415.3172295208],
[195034.7464195516,1948415.4074506597],
[195034.7464195516,1948415.4074506597],
[195034.7490050962,1948415.5459452649],
[195034.7490050962,1948415.5459452649],
[195034.75092928004,1948415.6402015754],
[195034.7519636355,1948415.6879287513],
[195034.75307791043,1948415.736028534],
[195034.75307791043,1948415.736028534],
[195034.7554863601,1948415.8333005682],
[195034.7554863601,1948415.8333005682],
[195034.7579491027,1948415.9320427114],
[195034.7579491027,1948415.9320427114],
[195034.7579491027,1948415.9320427114],
[195034.76044098966,1948416.0322597923],
[195034.76044098966,1948416.0322597923],
[195034.76295922062,1948416.1338707842],
[195034.76295922062,1948416.1338707842],
[195034.76678321173,1948416.2888340757],
[195034.76678321173,1948416.2888340757],
[195034.76916820306,1948416.3938002205],
[195034.7703484719,1948416.4467500725],
[195034.77153363204,1948416.5000317113],
[195034.77153363204,1948416.5000317113],
[195034.7739694615,1948416.6075233764],
[195034.7739694615,1948416.6075233764],
[195034.7765183778,1948416.7161761099],
[195034.7765183778,1948416.7161761099],
[195034.7791665757,1948416.8258796285],
[195034.7791665757,1948416.8258796285],
[195034.7818266059,1948416.9365938527],
[195034.7818266059,1948416.9365938527],
[195034.7818266059,1948416.9365938527],
[195034.78558185793,1948417.1044444304],
[195034.78558185793,1948417.1044444304],
[195034.78931451865,1948417.2743332302],
[195034.79063692148,1948417.33137913],
[195034.79063692148,1948417.33137913],
[195034.7933763059,1948417.4460305034],
[195034.7933763059,1948417.4460305034],
[195034.79616016222,1948417.5615203404],
[195034.79616016222,1948417.5615203404],
[195034.79616016222,1948417.5615203404],
[195034.7989565754,1948417.6777973098],
[195034.7989565754,1948417.6777973098],
[195034.801827445,1948417.7947813105],
[195034.801827445,1948417.7947813105],
[195034.80473326935,1948417.9124557937],
[195034.80473326935,1948417.9124557937],
[195034.80912507084,1948418.0902535722],
[195034.80912507084,1948418.0902535722],
[195034.80912507084,1948418.0902535722],
[195034.813392817,1948418.2695521456],
[195034.81476741048,1948418.3296446935],
[195034.81476741048,1948418.3296446935],
[195034.81746535568,1948418.4502962434],
[195034.81746535568,1948418.4502962434],
[195034.82013289453,1948418.5715574624],
[195034.82013289453,1948418.5715574624],
[195034.8228120918,1948418.693418578],
[195034.8228120918,1948418.693418578],
[195034.82547275975,1948418.8159108998],
[195034.82547275975,1948418.8159108998],
[195034.82547275975,1948418.8159108998],
[195034.8293464932,1948419.0005997748],
[195034.8293464932,1948419.0005997748],
[195034.83322362645,1948419.186473583],
[195034.8345611361,1948419.2487008446],
[195034.8345611361,1948419.2487008446],
[195034.8345611361,1948419.2487008446],
[195034.8372823068,1948419.3735207152],
[195034.8372823068,1948419.3735207152],
[195034.83993181563,1948419.498795537],
[195034.83993181563,1948419.498795537],
[195034.84255652584,1948419.6245438957],
[195034.84255652584,1948419.6245438957],
[195034.8463832227,1948419.813940321],
[195034.8463832227,1948419.813940321],
[195034.8463832227,1948419.813940321],
[195034.85019521188,1948420.0043288078],
[195034.85149045908,1948420.068026279],
[195034.85149045908,1948420.068026279],
[195034.85410245988,1948420.1957608152],
[195034.85410245988,1948420.1957608152],
[195034.85410245988,1948420.1957608152],
[195034.85669009417,1948420.3239225566],
[195034.85669009417,1948420.3239225566],
[195034.8591279837,1948420.4524980513],
[195034.8591279837,1948420.4524980513],
[195034.86227855246,1948420.645968156],
[195034.86227855246,1948420.645968156],
[195034.86411711137,1948420.7753135625],
[195034.86504911972,1948420.840114652],
[195034.86602236063,1948420.9050356369],
[195034.86602236063,1948420.9050356369],
[195034.8680137108,1948421.0351839755],
[195034.8680137108,1948421.0351839755],
[195034.86985470424,1948421.1656863305],
[195034.86985470424,1948421.1656863305],
[195034.87150115756,1948421.2966039788],
[195034.87150115756,1948421.2966039788],
[195034.87305606698,1948421.427890107],
[195034.87305606698,1948421.427890107],
[195034.87305606698,1948421.427890107],
[195034.8754333162,1948421.625456799],
[195034.8754333162,1948421.625456799],
[195034.87770478244,1948421.8238088943],
[195034.87842023006,1948421.8900953298],
[195034.87842023006,1948421.8900953298],
[195034.87983191235,1948422.0229490458],
[195034.87983191235,1948422.0229490458],
[195034.87983191235,1948422.0229490458],
[195034.88123544786,1948422.1562558974],
[195034.88123544786,1948422.1562558974],
[195034.8826569635,1948422.2898935121],
[195034.8826569635,1948422.2898935121],
[195034.88473446312,1948422.490997803],
[195034.88473446312,1948422.490997803],
[195034.88473446312,1948422.490997803],
[195034.8861696306,1948422.693024667],
[195034.8865595407,1948422.7605462058],
[195034.8865595407,1948422.7605462058],
[195034.8872839865,1948422.8959463076],
[195034.8872839865,1948422.8959463076],
[195034.8872839865,1948422.8959463076],
[195034.88795540662,1948423.0317689562],
[195034.88795540662,1948423.0317689562],
[195034.88881042047,1948423.236261106],
[195034.88881042047,1948423.236261106],
[195034.88918346443,1948423.3731787961],
[195034.88930580026,1948423.4418541314],
[195034.88940646578,1948423.510642972],
[195034.88940646578,1948423.510642972],
[195034.88966975987,1948423.6485581447],
[195034.88966975987,1948423.6485581447],
[195034.88999562265,1948423.7869779572],
[195034.88999562265,1948423.7869779572],
[195034.88999562265,1948423.7869779572],
[195034.89045823494,1948423.9960622783],
[195034.89045823494,1948423.9960622783],
[195034.89077363667,1948424.206780496],
[195034.89086065322,1948424.2772863142],
[195034.89086065322,1948424.2772863142],
[195034.89086065322,1948424.2772863142],
[195034.89104400034,1948424.4185909445],
[195034.89104400034,1948424.4185909445],
[195034.8911834559,1948424.5603488884],
[195034.8911834559,1948424.5603488884],
[195034.89110937453,1948424.7025539824],
[195034.89110937453,1948424.7025539824],
[195034.89102615733,1948424.8450766236],
[195034.89102615733,1948424.8450766236],
[195034.89102615733,1948424.8450766236],
[195034.89128024995,1948425.0596944157],
[195034.89128024995,1948425.0596944157],
[195034.89114325732,1948425.2756918457],
[195034.89101729725,1948425.348032757],
[195034.89101729725,1948425.348032757],
[195034.89087488258,1948425.4932260949],
[195034.89087488258,1948425.4932260949],
[195034.89089076128,1948425.6390298477],
[195034.89089076128,1948425.6390298477],
[195034.89089076128,1948425.6390298477],
[195034.8908986679,1948425.7852819497],
[195034.8908986679,1948425.7852819497],
[195034.89087835024,1948425.9320686997],
[195034.89087835024,1948425.9320686997],
[195034.89080254445,1948426.1531112746],
[195034.89080254445,1948426.1531112746],
[195034.8907041058,1948426.3009826376],
[195034.8905948271,1948426.3750837713],
[195034.89047950233,1948426.4492612483],
[195034.89047950233,1948426.4492612483],
[195034.89026835564,1948426.5979904823],
[195034.89026835564,1948426.5979904823],
[195034.8901780875,1948426.7471017663],
[195034.8901780875,1948426.7471017663],
[195034.89025694397,1948426.8967332842],
[195034.89025694397,1948426.8967332842],
[195034.8903047564,1948427.0469197193],
[195034.8903047564,1948427.0469197193],
[195034.8899058641,1948427.2733332675],
[195034.8899058641,1948427.2733332675],
[195034.8899058641,1948427.2733332675],
[195034.8891358915,1948427.500968493],
[195034.888968653,1948427.5772063076],
[195034.888968653,1948427.5772063076],
[195034.88927442586,1948427.7299646467],
[195034.88927442586,1948427.7299646467],
[195034.88961979962,1948427.8832285837],
[195034.88961979962,1948427.8832285837],
[195034.88961979962,1948427.8832285837],
[195034.88987406724,1948428.036968281],
[195034.88987406724,1948428.036968281],
[195034.88997120585,1948428.1912582486],
[195034.88997120585,1948428.1912582486],
[195034.8904791977,1948428.4234584162],
[195034.8904791977,1948428.4234584162],
[195034.8909333183,1948428.5787878486],
[195034.89111308684,1948428.656649173],
[195034.89122268997,1948428.734636905],
[195034.89122268997,1948428.734636905],
[195034.89123975858,1948428.8909551185],
[195034.89123975858,1948428.8909551185],
[195034.89125869612,1948429.047845672],
[195034.89125869612,1948429.047845672],
[195034.8913878096,1948429.2052773037],
[195034.8913878096,1948429.2052773037],
[195034.8913878096,1948429.2052773037],
[195034.8915300339,1948429.4425127227],
[195034.8915300339,1948429.4425127227],
[195034.89149030502,1948429.6808056918],
[195034.89138850107,1948429.7604904228],
[195034.89138850107,1948429.7604904228],
[195034.8910382366,1948429.92021059],
[195034.8910382366,1948429.92021059],
[195034.8910382366,1948429.92021059],
[195034.8905342453,1948430.0804751716],
[195034.8905342453,1948430.0804751716],
[195034.89007193744,1948430.2412764172],
[195034.89007193744,1948430.2412764172],
[195034.88979060014,1948430.4025554273],
[195034.88979060014,1948430.4025554273],
[195034.8895630233,1948430.5643905927],
[195034.8895630233,1948430.5643905927],
[195034.88880293228,1948430.8082703385],
[195034.88880293228,1948430.8082703385],
[195034.88880293228,1948430.8082703385],
[195034.88780721228,1948431.0532108815],
[195034.88746196692,1948431.1351332953],
[195034.88746196692,1948431.1351332953],
[195034.88652848013,1948431.299522659],
[195034.88652848013,1948431.299522659],
[195034.88541447514,1948431.4644923825],
[195034.88541447514,1948431.4644923825],
[195034.88541447514,1948431.4644923825],
[195034.88431464173,1948431.6298634717],
[195034.88431464173,1948431.6298634717],
[195034.88265358977,1948431.8786877661],
[195034.88265358977,1948431.8786877661],
[195034.88146734913,1948432.0452490423],
[195034.88092273954,1948432.1287386017],
[195034.88034692922,1948432.2124075796],
[195034.88034692922,1948432.2124075796],
[195034.8791619538,1948432.3801455384],
[195034.8791619538,1948432.3801455384],
[195034.87803074848,1948432.5484492779],
[195034.87803074848,1948432.5484492779],
[195034.87680766112,1948432.7172254706],
[195034.87680766112,1948432.7172254706],
[195034.87680766112,1948432.7172254706],
[195034.87490491744,1948432.9713645147],
[195034.87490491744,1948432.9713645147],
[195034.87315933808,1948433.2266917161],
[195034.87256075582,1948433.3120857228],
[195034.87256075582,1948433.3120857228],
[195034.87256075582,1948433.3120857228],
[195034.8713437612,1948433.483324764],
[195034.8713437612,1948433.483324764],
[195034.87004662192,1948433.65508065],
[195034.87004662192,1948433.65508065],
[195034.86879075007,1948433.8273118632],
[195034.86879075007,1948433.8273118632],
[195034.86678818107,1948434.0865517738],
[195034.86678818107,1948434.0865517738],
[195034.86678818107,1948434.0865517738],
[195034.86480720824,1948434.3469695218],
[195034.8641394356,1948434.4340259766],
[195034.8641394356,1948434.4340259766],
[195034.86291926084,1948434.6085325691],
[195034.86291926084,1948434.6085325691],
[195034.86166878397,1948434.7835145334],
[195034.86166878397,1948434.7835145334],
[195034.86027361912,1948434.9590326329],
[195034.86027361912,1948434.9590326329],
[195034.86027361912,1948434.9590326329],
[195034.8588033918,1948435.1350214821],
[195034.8588033918,1948435.1350214821],
[195034.8564792744,1948435.3999035787],
[195034.8564792744,1948435.3999035787],
[195034.85512038984,1948435.5771589375],
[195034.85385937107,1948435.7549485567],
[195034.85385937107,1948435.7549485567],
[195034.85385937107,1948435.7549485567],
[195034.85214058615,1948435.9336583342],
[195034.85214058615,1948435.9336583342],
[195034.85030095786,1948436.1129817853],
[195034.85030095786,1948436.1129817853],
[195034.84859564828,1948436.2926848347],
[195034.84859564828,1948436.2926848347],
[195034.84859564828,1948436.2926848347],
[195034.8462632325,1948436.563246551],
[195034.8462632325,1948436.563246551],
[195034.84414377745,1948436.834975367],
[195034.8434290421,1948436.925802058],
[195034.8434290421,1948436.925802058],
[195034.84194307262,1948437.1078420165],
[195034.84194307262,1948437.1078420165],
[195034.84194307262,1948437.1078420165],
[195034.84044043813,1948437.2904564778],
[195034.84044043813,1948437.2904564778],
[195034.83828890492,1948437.5653770573],
[195034.83828890492,1948437.5653770573],
[195034.83666375154,1948437.7493034545],
[195034.83586605501,1948437.8414153145],
[195034.8351807401,1948437.9336749564],
[195034.8351807401,1948437.9336749564],
[195034.83413708123,1948438.118521683],
[195034.83413708123,1948438.118521683],
[195034.83323774106,1948438.3038661857],
[195034.83323774106,1948438.3038661857],
[195034.83241771394,1948438.4897925558],
[195034.83241771394,1948438.4897925558],
[195034.83241771394,1948438.4897925558],
[195034.8310132994,1948438.7696791731],
[195034.8310132994,1948438.7696791731],
[195034.82996673722,1948439.0506518113],
[195034.82961912517,1948439.1445466706],
[195034.82961912517,1948439.1445466706],
[195034.82961912517,1948439.1445466706],
[195034.82887072867,1948439.3326511378],
[195034.82887072867,1948439.3326511378],
[195034.8281680714,1948439.521231173],
[195034.8281680714,1948439.521231173],
[195034.82763627227,1948439.710234703],
[195034.82763627227,1948439.710234703],
[195034.8274195921,1948439.8997077558],
[195034.8274195921,1948439.8997077558],
[195034.82697937588,1948440.1847230121],
[195034.82697937588,1948440.1847230121],
[195034.82684699885,1948440.3751794002],
[195034.82679757272,1948440.4704251564],
[195034.82671383634,1948440.56526605],
[195034.82671383634,1948440.56526605],
[195034.82658916985,1948440.7552365093],
[195034.82658916985,1948440.7552365093],
[195034.82642754004,1948440.945667223],
[195034.82642754004,1948440.945667223],
[195034.82599194587,1948441.1364829992],
[195034.82599194587,1948441.1364829992],
[195034.82599194587,1948441.1364829992],
[195034.82559330302,1948441.4236924686],
[195034.82559330302,1948441.4236924686],
[195034.8257748308,1948441.6157023048],
[195034.82580149834,1948441.711785146],
[195034.82581130625,1948441.8079985403],
[195034.82581130625,1948441.8079985403],
[195034.82578846114,1948442.0007644326],
[195034.82578846114,1948442.0007644326],
[195034.8258210826,1948442.1938586473],
[195034.8258210826,1948442.1938586473],
[195034.8258210826,1948442.1938586473],
[195034.82645027983,1948442.4841078476],
[195034.82645027983,1948442.4841078476],
[195034.82769339863,1948442.7752804211],
[195034.8280928357,1948442.8725103894],
[195034.8280928357,1948442.8725103894],
[195034.82868801174,1948443.0672244963],
[195034.82868801174,1948443.0672244963],
[195034.8288410295,1948443.262260421],
[195034.8288410295,1948443.262260421],
[195034.8288410295,1948443.262260421],
[195034.82899562354,1948443.4577450366],
[195034.82899562354,1948443.4577450366],
[195034.82946321197,1948443.6535162728],
[195034.82946321197,1948443.6535162728],
[195034.8303967554,1948443.947764038],
[195034.8303967554,1948443.947764038],
[195034.8303967554,1948443.947764038],
[195034.8306641859,1948444.2430057318],
[195034.83071360947,1948444.341502748],
[195034.83071360947,1948444.341502748],
[195034.8310460172,1948444.5386642516],
[195034.8310460172,1948444.5386642516],
[195034.83168682363,1948444.7360184945],
[195034.83168682363,1948444.7360184945],
[195034.83235427213,1948444.9338974273],
[195034.83235427213,1948444.9338974273],
[195034.83305439516,1948445.1320114436],
[195034.83305439516,1948445.1320114436],
[195034.83305439516,1948445.1320114436],
[195034.83415017975,1948445.430906196],
[195034.83415017975,1948445.430906196],
[195034.83662992006,1948445.7318798227],
[195034.83749786354,1948445.832293311],
[195034.83749786354,1948445.832293311],
[195034.83932280375,1948446.0334544291],
[195034.83932280375,1948446.0334544291],
[195034.83932280375,1948446.0334544291],
[195034.84130718556,1948446.23489523],
[195034.84130718556,1948446.23489523],
[195034.8429532114,1948446.4365750258],
[195034.8429532114,1948446.4365750258],
[195034.84448394304,1948446.6385471234],
[195034.84448394304,1948446.6385471234],
[195034.8460982726,1948446.8409410298],
[195034.8460982726,1948446.8409410298],
[195034.84866050442,1948447.1453138366],
[195034.84866050442,1948447.1453138366],
[195034.85057869667,1948447.3486115083],
[195034.8515491109,1948447.4503012947],
[195034.8523813014,1948447.5520240376],
[195034.8523813014,1948447.5520240376],
[195034.8536119893,1948447.7557514783],
[195034.8536119893,1948447.7557514783],
[195034.8546068317,1948447.959653814],
[195034.8546068317,1948447.959653814],
[195034.85542099012,1948448.1639867413],
[195034.85542099012,1948448.1639867413],
[195034.8563660631,1948448.3687610894],
[195034.8563660631,1948448.3687610894],
[195034.8563660631,1948448.3687610894],
[195034.85749079045,1948448.5740164143],
[195034.85749079045,1948448.5740164143],
[195034.86024205846,1948448.88263825],
[195034.86024205846,1948448.88263825],
[195034.8621195757,1948449.0889339405],
[195034.86369679903,1948449.2955800698],
[195034.86369679903,1948449.2955800698],
[195034.86369679903,1948449.2955800698],
[195034.8650855319,1948449.5026828737],
[195034.8650855319,1948449.5026828737],
[195034.86651579084,1948449.7098912413],
[195034.86651579084,1948449.7098912413],
[195034.86757620735,1948449.9176401554],
[195034.86757620735,1948449.9176401554],
[195034.86886442066,1948450.1256943909],
[195034.86886442066,1948450.1256943909],
[195034.87030440092,1948450.438157323],
[195034.87030440092,1948450.438157323],
[195034.87030440092,1948450.438157323],
[195034.86897783214,1948450.7498939915],
[195034.8688538194,1948450.8539579506],
[195034.8688538194,1948450.8539579506],
[195034.86899019,1948451.0623330716],
[195034.86899019,1948451.0623330716],
[195034.86899019,1948451.0623330716],
[195034.86929966637,1948451.2710219144],
[195034.86929966637,1948451.2710219144],
[195034.86985943018,1948451.5847003611],
[195034.86985943018,1948451.5847003611],
[195034.86953940094,1948451.794283045],
[195034.86923546775,1948451.8992256098],
[195034.8689639174,1948452.0044108548],
[195034.8689639174,1948452.0044108548],
[195034.8680530246,1948452.2151249312],
[195034.8680530246,1948452.2151249312],
[195034.86715353891,1948452.4262320425],
[195034.86715353891,1948452.4262320425],
[195034.8667525817,1948452.6378245682],
[195034.8667525817,1948452.6378245682],
[195034.8667525817,1948452.6378245682],
[195034.86619186983,1948452.955982953],
[195034.86619186983,1948452.955982953],
[195034.86555687588,1948453.2750907757],
[195034.8653702327,1948453.3816670328],
[195034.8653702327,1948453.3816670328],
[195034.8653702327,1948453.3816670328],
[195034.86513691847,1948453.5949617815],
[195034.86513691847,1948453.5949617815],
[195034.86504753545,1948453.8086055398],
[195034.86504753545,1948453.8086055398],
[195034.86531626683,1948454.022619357],
[195034.86531626683,1948454.022619357],
[195034.8658340912,1948454.23706167],
[195034.8658340912,1948454.23706167],
[195034.86693639692,1948454.5594716887],
[195034.86693639692,1948454.5594716887],
[195034.86693639692,1948454.5594716887],
[195034.86802889322,1948454.8829189537],
[195034.86838885027,1948454.9909081918],
[195034.86838885027,1948454.9909081918],
[195034.86928146804,1948455.2072316082],
[195034.86928146804,1948455.2072316082],
[195034.87030075662,1948455.4238744436],
[195034.87030075662,1948455.4238744436],
[195034.87030075662,1948455.4238744436],
[195034.8713845581,1948455.64089774],
[195034.8713845581,1948455.64089774],
[195034.87265755516,1948455.96662055],
[195034.87265755516,1948455.96662055],
[195034.87318236934,1948456.1839149701],
[195034.87351151864,1948456.2927762743],
[195034.87380699278,1948456.4016015364],
[195034.87380699278,1948456.4016015364],
[195034.87460412705,1948456.6195084895],
[195034.87460412705,1948456.6195084895],
[195034.8755870818,1948456.8377726863],
[195034.8755870818,1948456.8377726863],
[195034.87661191224,1948457.0562750879],
[195034.87661191224,1948457.0562750879],
[195034.878659936,1948457.384916966],
[195034.878659936,1948457.384916966],
[195034.878659936,1948457.384916966],
[195034.88108125865,1948457.7142716153],
[195034.88197615708,1948457.8241723427],
[195034.88197615708,1948457.8241723427],
[195034.88370872752,1948458.0441669337],
[195034.88370872752,1948458.0441669337],
[195034.88370872752,1948458.0441669337],
[195034.8856755511,1948458.264473642],
[195034.8856755511,1948458.264473642],
[195034.88767463973,1948458.4852016938],
[195034.88767463973,1948458.4852016938],
[195034.89031844973,1948458.8172428634],
[195034.89031844973,1948458.8172428634],
[195034.89031844973,1948458.8172428634],
[195034.89330542198,1948459.1501952254],
[195034.89438295778,1948459.2613932157],
[195034.89438295778,1948459.2613932157],
[195034.89645694185,1948459.484046248],
[195034.89645694185,1948459.484046248],
[195034.89885959544,1948459.7070236097],
[195034.89885959544,1948459.7070236097],
[195034.9012125827,1948459.930195954],
[195034.9012125827,1948459.930195954],
[195034.90346690113,1948460.1537359469],
[195034.90346690113,1948460.1537359469],
[195034.90346690113,1948460.1537359469],
[195034.90744626994,1948460.4898494503],
[195034.90744626994,1948460.4898494503],
[195034.9118472155,1948460.8269056792],
[195034.91339482687,1948460.9394381426],
[195034.91339482687,1948460.9394381426],
[195034.91649476884,1948461.1646658885],
[195034.91649476884,1948461.1646658885],
[195034.91649476884,1948461.1646658885],
[195034.9194922823,1948461.3901191156],
[195034.9194922823,1948461.3901191156],
[195034.92233872556,1948461.6158972075],
[195034.92233872556,1948461.6158972075],
[195034.92661776947,1948461.9551436533],
[195034.92661776947,1948461.9551436533],
[195034.92661776947,1948461.9551436533],
[195034.93080709272,1948462.2952045298],
[195034.93237283258,1948462.408797256],
[195034.93237283258,1948462.408797256],
[195034.93577504525,1948462.6362151403],
[195034.93577504525,1948462.6362151403],
[195034.93947987002,1948462.8639753151],
[195034.93947987002,1948462.8639753151],
[195034.93947987002,1948462.8639753151],
[195034.94323696068,1948463.092144906],
[195034.94323696068,1948463.092144906],
[195034.94884332657,1948463.435087753],
[195034.94884332657,1948463.435087753],
[195034.95251707613,1948463.6642250335],
[195034.9543332573,1948463.7789238812],
[195034.95612996968,1948463.8936432684],
[195034.95612996968,1948463.8936432684],
[195034.95971908513,1948464.1233264778],
[195034.95971908513,1948464.1233264778],
[195034.9634026789,1948464.3533001167],
[195034.9634026789,1948464.3533001167],
[195034.9671122936,1948464.5835839738],
[195034.9671122936,1948464.5835839738],
[195034.97097347907,1948464.814256699],
[195034.97097347907,1948464.814256699],
[195034.97788763593,1948465.1606992944],
[195034.97788763593,1948465.1606992944],
[195034.97788763593,1948465.1606992944],
[195034.98472978937,1948465.5076996367],
[195034.98673589967,1948465.6234631776],
[195034.98673589967,1948465.6234631776],
[195034.99059386857,1948465.8552879805],
[195034.99059386857,1948465.8552879805],
[195034.99059386857,1948465.8552879805],
[195034.9945229803,1948466.087324644],
[195034.9945229803,1948466.087324644],
[195034.99877172368,1948466.3196801834],
[195034.99877172368,1948466.3196801834],
[195035.005372966,1948466.6688647761],
[195035.005372966,1948466.6688647761],
[195035.00991412695,1948466.901953355],
[195035.01238538048,1948467.0186885127],
[195035.01502010968,1948467.1358708455],
[195035.01502010968,1948467.1358708455],
[195035.02006586947,1948467.3706412367],
[195035.02006586947,1948467.3706412367],
[195035.0246737945,1948467.605920311],
[195035.0246737945,1948467.605920311],
[195035.02910858646,1948467.8415578385],
[195035.02910858646,1948467.8415578385],
[195035.02910858646,1948467.8415578385],
[195035.0353332993,1948468.1957688658],
[195035.0353332993,1948468.1957688658],
[195035.04175053784,1948468.5507812786],
[195035.0439652498,1948468.6692113066],
[195035.0439652498,1948468.6692113066],
[195035.0439652498,1948468.6692113066],
[195035.0483333575,1948468.9064343774],
[195035.0483333575,1948468.9064343774],
[195035.05273457707,1948469.1440229332],
[195035.05273457707,1948469.1440229332],
[195035.05685860547,1948469.3820078508],
[195035.05685860547,1948469.3820078508],
[195035.06294463988,1948469.739648164],
[195035.06294463988,1948469.739648164],
[195035.06294463988,1948469.739648164],
[195035.06865807922,1948470.0980362631],
[195035.07042373612,1948470.2176093939],
[195035.07042373612,1948470.2176093939],
[195035.07404071518,1948470.4569722863],
[195035.07404071518,1948470.4569722863],
[195035.07404071518,1948470.4569722863],
[195035.07773914764,1948470.69659591],
[195035.07773914764,1948470.69659591],
[195035.08123813404,1948470.9364963097],
[195035.08123813404,1948470.9364963097],
[195035.08666603762,1948471.2970052792],
[195035.08666603762,1948471.2970052792],
[195035.09034829892,1948471.5378442765],
[195035.0922201444,1948471.6584108002],
[195035.09409040518,1948471.7791091406],
[195035.09409040518,1948471.7791091406],
[195035.09785096403,1948472.0204956422],
[195035.09785096403,1948472.0204956422],
[195035.1012159538,1948472.2620412454],
[195035.1012159538,1948472.2620412454],
[195035.1042909684,1948472.5037858752],
[195035.1042909684,1948472.5037858752],
[195035.1042909684,1948472.5037858752],
[195035.10873399387,1948472.866849304],
[195035.10873399387,1948472.866849304],
[195035.11333623572,1948473.2297577062],
[195035.11485023974,1948473.3507480852],
[195035.11485023974,1948473.3507480852],
[195035.1177101771,1948473.592951668],
[195035.1177101771,1948473.592951668],
[195035.1177101771,1948473.592951668],
[195035.12044570048,1948473.8354615304],
[195035.12044570048,1948473.8354615304],
[195035.12294520505,1948474.0782465765],
[195035.12294520505,1948474.0782465765],
[195035.1253507513,1948474.3212994838],
[195035.1253507513,1948474.3212994838],
[195035.1286148973,1948474.6863733702],
[195035.1286148973,1948474.6863733702],
[195035.1286148973,1948474.6863733702],
[195035.13148167718,1948475.0523627356],
[195035.1323569426,1948475.1746088264],
[195035.1323569426,1948475.1746088264],
[195035.13401435912,1948475.419376389],
[195035.13401435912,1948475.419376389],
[195035.13532369927,1948475.6645107525],
[195035.13532369927,1948475.6645107525],
[195035.13663914427,1948475.910048787],
[195035.13663914427,1948475.910048787],
[195035.1376472742,1948476.155816747],
[195035.1376472742,1948476.155816747],
[195035.1376472742,1948476.155816747],
[195035.1390845299,1948476.5250212334],
[195035.1390845299,1948476.5250212334],
[195035.1405274979,1948476.8948955417],
[195035.1408382239,1948477.0183236068],
[195035.1408382239,1948477.0183236068],
[195035.1408382239,1948477.0183236068],
[195035.14116209553,1948477.265524268],
[195035.14116209553,1948477.265524268],
[195035.14128008654,1948477.5126261013],
[195035.14128008654,1948477.5126261013],
[195035.14097721843,1948477.7601707478],
[195035.14097721843,1948477.7601707478],
[195035.14056246378,1948478.131706447],
[195035.14056246378,1948478.131706447],
[195035.1401018356,1948478.379748885],
[195035.1397509793,1948478.50393222],
[195035.1393698036,1948478.6281055922],
[195035.1393698036,1948478.6281055922],
[195035.13844733758,1948478.876915724],
[195035.13844733758,1948478.876915724],
[195035.13722152376,1948479.1260078961],
[195035.13722152376,1948479.1260078961],
[195035.13722152376,1948479.1260078961],
[195035.13521039457,1948479.3771099637],
[195035.13521039457,1948479.3771099637],
[195035.13178599984,1948479.7545694164],
[195035.13178599984,1948479.7545694164],
[195035.12927216024,1948480.0068201215],
[195035.12683180856,1948480.2594648693],
[195035.12683180856,1948480.2594648693],
[195035.12412021644,1948480.5122929679],
[195035.12412021644,1948480.5122929679],
[195035.12412021644,1948480.5122929679],
[195035.12138874232,1948480.7654351657],
[195035.12138874232,1948480.7654351657],
[195035.1183908344,1948481.0186655798],
[195035.1183908344,1948481.0186655798],
[195035.11518423958,1948481.2723459713],
[195035.11518423958,1948481.2723459713],
[195035.11001961416,1948481.6530606837],
[195035.11001961416,1948481.6530606837],
[195035.10651768887,1948481.9070348989],
[195035.1050308785,1948482.0341685584],
[195035.1035067238,1948482.1612587834],
[195035.1035067238,1948482.1612587834],
[195035.10023668673,1948482.4155687666],
[195035.10023668673,1948482.4155687666],
[195035.0971543997,1948482.670130357],
[195035.0971543997,1948482.670130357],
[195035.0971543997,1948482.670130357],
[195035.09370959163,1948482.9250367295],
[195035.09370959163,1948482.9250367295],
[195035.08814058293,1948483.3077629753],
[195035.08814058293,1948483.3077629753],
[195035.08453571977,1948483.5629929495],
[195035.08277189176,1948483.6907533186],
[195035.08107927252,1948483.8186072132],
[195035.08107927252,1948483.8186072132],
[195035.07757063626,1948484.0745357822],
[195035.07757063626,1948484.0745357822],
[195035.0739573233,1948484.3307044506],
[195035.0739573233,1948484.3307044506],
[195035.07047696837,1948484.5870981482],
[195035.07047696837,1948484.5870981482],
[195035.06516531055,1948484.972089145],
[195035.06516531055,1948484.972089145],
[195035.06516531055,1948484.972089145],
[195035.05950029028,1948485.357971436],
[195035.05768807078,1948485.486396803],
[195035.05768807078,1948485.486396803],
[195035.05436211903,1948485.7422662529],
[195035.05436211903,1948485.7422662529],
[195035.05095218212,1948485.998369471],
[195035.05095218212,1948485.998369471],
[195035.05095218212,1948485.998369471],
[195035.04782522013,1948486.2545818016],
[195035.04782522013,1948486.2545818016],
[195035.04273577296,1948486.639535519],
[195035.04273577296,1948486.639535519],
[195035.03942666677,1948486.896602113],
[195035.0378207913,1948487.0251618288],
[195035.03627253335,1948487.1539092371],
[195035.03627253335,1948487.1539092371],
[195035.033058085,1948487.411427793],
[195035.033058085,1948487.411427793],
[195035.0296676513,1948487.669031729],
[195035.0296676513,1948487.669031729],
[195035.025759515,1948487.9267996505],
[195035.025759515,1948487.9267996505],
[195035.0215404348,1948488.184748589],
[195035.0215404348,1948488.184748589],
[195035.0215404348,1948488.184748589],
[195035.01542380545,1948488.5722505488],
[195035.01542380545,1948488.5722505488],
[195035.0094921293,1948488.96018076],
[195035.00740238265,1948489.0895590708],
[195035.00740238265,1948489.0895590708],
[195035.0033492178,1948489.3483272751],
[195035.0033492178,1948489.3483272751],
[195035.0033492178,1948489.3483272751],
[195034.99916547618,1948489.6072355902],
[195034.99916547618,1948489.6072355902],
[195034.9949744201,1948489.8663060768],
[195034.9949744201,1948489.8663060768],
[195034.9907492406,1948490.1256128768],
[195034.9907492406,1948490.1256128768],
[195034.98423654694,1948490.5150724077],
[195034.98423654694,1948490.5150724077],
[195034.97990842455,1948490.775044021],
[195034.97784327043,1948490.9051098546],
[195034.97572031387,1948491.0352050576],
[195034.97572031387,1948491.0352050576],
[195034.97148996269,1948491.2955445352],
[195034.97148996269,1948491.2955445352],
[195034.96735740293,1948491.5561042014],
[195034.96735740293,1948491.5561042014],
[195034.9630769093,1948491.8168925943],
[195034.9630769093,1948491.8168925943],
[195034.9630769093,1948491.8168925943],
[195034.95985443788,1948492.077593173],
[195034.95985443788,1948492.077593173],
[195034.95607783596,1948492.468729601],
[195034.95607783596,1948492.468729601],
[195034.952291341,1948492.860187624],
[195034.9510584917,1948492.9907442643],
[195034.9510584917,1948492.9907442643],
[195034.948587855,1948493.2520567058],
[195034.948587855,1948493.2520567058],
[195034.948587855,1948493.2520567058],
[195034.9462279989,1948493.5135311044],
[195034.9462279989,1948493.5135311044],
[195034.94405512392,1948493.7752492041],
[195034.94405512392,1948493.7752492041],
[195034.9418924251,1948494.0372930928],
[195034.9418924251,1948494.0372930928],
[195034.9388838957,1948494.430933499],
[195034.9388838957,1948494.430933499],
[195034.93684464623,1948494.6937185552],
[195034.93582568094,1948494.8252229805],
[195034.93488490424,1948494.9567998843],
[195034.93488490424,1948494.9567998843],
[195034.93327024684,1948495.2202561912],
[195034.93327024684,1948495.2202561912],
[195034.93179129515,1948495.4840216844],
[195034.93179129515,1948495.4840216844],
[195034.93044126828,1948495.7481093379],
[195034.93044126828,1948495.7481093379],
[195034.93044126828,1948495.7481093379],
[195034.928857357,1948496.0123352178],
[195034.928857357,1948496.0123352178],
[195034.92660767052,1948496.408999399],
[195034.92660767052,1948496.408999399],
[195034.92476747886,1948496.8060477884],
[195034.92476747886,1948496.8060477884],
[195034.92429910513,1948496.9385028924],
[195034.92342225427,1948497.2035009908],
[195034.92342225427,1948497.2035009908],
[195034.92342225427,1948497.2035009908],
[195034.92257317886,1948497.46869622],
[195034.92257317886,1948497.46869622],
[195034.92212460554,1948497.734147159],
[195034.92212460554,1948497.734147159],
[195034.92179172914,1948497.999695377],
[195034.92179172914,1948497.999695377],
[195034.92150209378,1948498.265588479],
[195034.92150209378,1948498.265588479],
[195034.9211088453,1948498.6655006935],
[195034.9211088453,1948498.6655006935],
[195034.92123639322,1948498.9331864004],
[195034.9214765302,1948499.0670543883],
[195034.92179248648,1948499.201150576],
[195034.92179248648,1948499.201150576],
[195034.92253663347,1948499.4693260149],
[195034.92253663347,1948499.4693260149],
[195034.92345256428,1948499.7378079516],
[195034.92345256428,1948499.7378079516],
[195034.92345256428,1948499.7378079516],
[195034.9246258169,1948500.0063273152],
[195034.9246258169,1948500.0063273152],
[195034.92697678003,1948500.4096426342],
[195034.92697678003,1948500.4096426342],
[195034.92868268094,1948500.678832852],
[195034.9302491336,1948500.9482156124],
[195034.9302491336,1948500.9482156124],
[195034.9302491336,1948500.9482156124],
[195034.93221072847,1948501.21774217],
[195034.93221072847,1948501.21774217],
[195034.93415463134,1948501.4873271307],
[195034.93415463134,1948501.4873271307],
[195034.93650268458,1948501.7571106828],
[195034.93650268458,1948501.7571106828],
[195034.93876823894,1948502.02707562],
[195034.93876823894,1948502.02707562],
[195034.9411489325,1948502.297356916],
[195034.9411489325,1948502.297356916],
[195034.9446912263,1948502.7027797194],
[195034.9446912263,1948502.7027797194],
[195034.94701967965,1948502.973058835],
[195034.94812538198,1948503.1081734793],
[195034.9491832246,1948503.2433423114],
[195034.9491832246,1948503.2433423114],
[195034.9515895538,1948503.5137344825],
[195034.9515895538,1948503.5137344825],
[195034.95409245885,1948503.7842309917],
[195034.95409245885,1948503.7842309917],
[195034.95671879995,1948504.0548388776],
[195034.95671879995,1948504.0548388776],
[195034.95671879995,1948504.0548388776],
[195034.9607357359,1948504.4611002055],
[195034.9607357359,1948504.4611002055],
[195034.96326874898,1948504.7321714454],
[195034.96447542953,1948504.8677362718],
[195034.96575911096,1948505.0033972766],
[195034.96575911096,1948505.0033972766],
[195034.967112595,1948505.1391061037],
[195034.967112595,1948505.1391061037],
[195034.97131426373,1948505.5453370977],
[195034.97131426373,1948505.5453370977],
[195034.9753148655,1948505.9511306647],
[195034.97653798855,1948506.0864313238],
[195034.97653798855,1948506.0864313238],
[195034.97902803513,1948506.3572633746],
[195034.97902803513,1948506.3572633746],
[195034.98158628927,1948506.6280028769],
[195034.98158628927,1948506.6280028769],
[195034.98158628927,1948506.6280028769],
[195034.9840576575,1948506.8987994667],
[195034.9840576575,1948506.8987994667],
[195034.98639668274,1948507.1695329882],
[195034.98639668274,1948507.1695329882],
[195034.99043409422,1948507.5758035434],
[195034.99043409422,1948507.5758035434],
[195034.99305699105,1948507.84670476],
[195034.99443419883,1948507.9822076594],
[195034.99577135226,1948508.1178059247],
[195034.99577135226,1948508.1178059247],
[195034.99823094503,1948508.3889216916],
[195034.99823094503,1948508.3889216916],
[195035.00060375556,1948508.660060772],
[195035.00060375556,1948508.660060772],
[195035.00299230454,1948508.9311009047],
[195035.00299230454,1948508.9311009047],
[195035.0052719625,1948509.2021983943],
[195035.0052719625,1948509.2021983943],
[195035.0052719625,1948509.2021983943],
[195035.00854121748,1948509.6089000541],
[195035.00854121748,1948509.6089000541],
[195035.0116906941,1948510.0155265552],
[195035.01269106998,1948510.1511294271],
[195035.01269106998,1948510.1511294271],
[195035.01269106998,1948510.1511294271],
[195035.0146281249,1948510.4222221083],
[195035.0146281249,1948510.4222221083],
[195035.01647215593,1948510.6933934689],
[195035.01647215593,1948510.6933934689],
[195035.0179345038,1948510.9645829448],
[195035.0179345038,1948510.9645829448],
[195035.01998539007,1948511.3714363512],
[195035.01998539007,1948511.3714363512],
[195035.0214105733,1948511.642446413],
[195035.02212992913,1948511.7778810922],
[195035.02290218775,1948511.9133157318],
[195035.02290218775,1948511.9133157318],
[195035.02458021353,1948512.1844153428],
[195035.02458021353,1948512.1844153428],
[195035.02609974943,1948512.455665184],
[195035.02609974943,1948512.455665184],
[195035.0273984895,1948512.7266643546],
[195035.0273984895,1948512.7266643546],
[195035.02839495876,1948512.9969581754],
[195035.02839495876,1948512.9969581754],
[195035.0292856798,1948513.266449807],
[195035.0292856798,1948513.266449807],
[195035.0292856798,1948513.266449807],
[195035.03051215725,1948513.6692545125],
[195035.03051215725,1948513.6692545125],
[195035.0319791964,1948514.0704559798],
[195035.03242616556,1948514.203886683],
[195035.03242616556,1948514.203886683],
[195035.03325851093,1948514.4700137163],
[195035.03325851093,1948514.4700137163],
[195035.03325851093,1948514.4700137163],
[195035.03396924635,1948514.7352520719],
[195035.03396924635,1948514.7352520719],
[195035.03450915142,1948514.9996839461],
[195035.03450915142,1948514.9996839461],
[195035.0349530162,1948515.3947372118],
[195035.0349530162,1948515.3947372118],
[195035.0349530162,1948515.3947372118],
[195035.0354443582,1948515.7876788657],
[195035.0355855304,1948515.9181557284],
[195035.0355855304,1948515.9181557284],
[195035.03603677757,1948516.1783116655],
[195035.03603677757,1948516.1783116655],
[195035.0363658355,1948516.4373914436],
[195035.0363658355,1948516.4373914436],
[195035.0363658355,1948516.4373914436],
[195035.03662511913,1948516.6954668155],
[195035.03662511913,1948516.6954668155],
[195035.03691706771,1948517.080301278],
[195035.03691706771,1948517.080301278],
[195035.03726112808,1948517.3354764762],
[195035.03741715648,1948517.4626437991],
[195035.03758793953,1948517.5895877345],
[195035.03758793953,1948517.5895877345],
[195035.03809305464,1948517.8425851818],
[195035.03809305464,1948517.8425851818],
[195035.03868274306,1948518.0944935111],
[195035.03868274306,1948518.0944935111],
[195035.03922432882,1948518.3452522275],
[195035.03922432882,1948518.3452522275],
[195035.03922432882,1948518.3452522275],
[195035.03951786694,1948518.718882409],
[195035.03951786694,1948518.718882409],
[195035.03891217534,1948519.089296626],
[195035.03876666128,1948519.212188781],
[195035.03876666128,1948519.212188781],
[195035.03876666128,1948519.212188781],
[195035.0385486104,1948519.4570461023],
[195035.0385486104,1948519.4570461023],
[195035.03851378994,1948519.7007506634],
[195035.03851378994,1948519.7007506634],
[195035.03858685106,1948519.9432118116],
[195035.03858685106,1948519.9432118116],
[195035.03891926346,1948520.304594796],
[195035.03891926346,1948520.304594796],
[195035.03910739758,1948520.5438809046],
[195035.03919275056,1948520.6630508741],
[195035.03923790623,1948520.781897552],
[195035.03923790623,1948520.781897552],
[195035.03918858667,1948521.0185767256],
[195035.03918858667,1948521.0185767256],
[195035.0393931768,1948521.2540054412],
[195035.0393931768,1948521.2540054412],
[195035.03965491138,1948521.4880692821],
[195035.03965491138,1948521.4880692821],
[195035.0400922273,1948521.7209307938],
[195035.0400922273,1948521.7209307938],
[195035.0404867685,1948521.9522854094],
[195035.0404867685,1948521.9522854094],
[195035.0404867685,1948521.9522854094],
[195035.0410441527,1948522.2968503046],
[195035.0410441527,1948522.2968503046],
[195035.04169228827,1948522.638076074],
[195035.04204366228,1948522.7511920996],
[195035.04204366228,1948522.7511920996],
[195035.04259541776,1948522.976215252],
[195035.04259541776,1948522.976215252],
[195035.04259541776,1948522.976215252],
[195035.04309322208,1948523.2000506613],
[195035.04309322208,1948523.2000506613],
[195035.04386691243,1948523.4224122881],
[195035.04386691243,1948523.4224122881],
[195035.04473327028,1948523.6433616022],
[195035.04473327028,1948523.6433616022],
[195035.0457451629,1948523.8628826141],
[195035.0457451629,1948523.8628826141],
[195035.0464490408,1948524.0808520576],
[195035.0464490408,1948524.0808520576],
[195035.0474709035,1948524.4053819694],
[195035.0474709035,1948524.4053819694],
[195035.04835998116,1948524.6202963393],
[195035.04901688307,1948524.7272758086],
[195035.04976287112,1948524.8338506354],
[195035.04976287112,1948524.8338506354],
[195035.05128335126,1948525.0458114],
[195035.05128335126,1948525.0458114],
[195035.05294072346,1948525.2561479963],
[195035.05294072346,1948525.2561479963],
[195035.05456438888,1948525.4648675343],
[195035.05456438888,1948525.4648675343],
[195035.0563829182,1948525.6720063942],
[195035.0563829182,1948525.6720063942],
[195035.0583092749,1948525.8776188907],
[195035.0583092749,1948525.8776188907],
[195035.0583092749,1948525.8776188907],
[195035.0610276788,1948526.183340999],
[195035.0610276788,1948526.183340999],
[195035.06326926584,1948526.4855089036],
[195035.06403891608,1948526.5854262966],
[195035.06403891608,1948526.5854262966],
[195035.06403891608,1948526.5854262966],
[195035.06561271552,1948526.784015002],
[195035.06561271552,1948526.784015002],
[195035.0672755377,1948526.981030541],
[195035.0672755377,1948526.981030541],
[195035.06912597053,1948527.176461407],
[195035.06912597053,1948527.176461407],
[195035.07245159065,1948527.466515919],
[195035.07245159065,1948527.466515919],
[195035.07245159065,1948527.466515919],
[195035.075491665,1948527.7527460943],
[195035.07640350447,1948527.8472481885],
[195035.07640350447,1948527.8472481885],
[195035.0781780833,1948528.0350107136],
[195035.0781780833,1948528.0350107136],
[195035.0781780833,1948528.0350107136],
[195035.0801773848,1948528.2210153954],
[195035.0801773848,1948528.2210153954],
[195035.08325287266,1948528.4967303968],
[195035.08325287266,1948528.4967303968],
[195035.08497506555,1948528.6783220961],
[195035.08579853878,1948528.768513855],
[195035.0866202206,1948528.8582824543],
[195035.0866202206,1948528.8582824543],
[195035.08841143284,1948529.036563314],
[195035.08841143284,1948529.036563314],
[195035.09042481362,1948529.2130856276],
[195035.09042481362,1948529.2130856276],
[195035.0923799256,1948529.3880128954],
[195035.0923799256,1948529.3880128954],
[195035.09420871534,1948529.5611530624],
[195035.09420871534,1948529.5611530624],
[195035.09693214975,1948529.8173336198],
[195035.09693214975,1948529.8173336198],
[195035.09693214975,1948529.8173336198],
[195035.09927974365,1948530.0691985644],
[195035.0999723659,1948530.15219986],
[195035.0999723659,1948530.15219986],
[195035.1011898369,1948530.316690165],
[195035.1011898369,1948530.316690165],
[195035.10245439614,1948530.4791180338],
[195035.10245439614,1948530.4791180338],
[195035.10245439614,1948530.4791180338],
[195035.1040378036,1948530.6394020962],
[195035.1040378036,1948530.6394020962],
[195035.1059414567,1948530.797562302],
[195035.1059414567,1948530.797562302],
[195035.10778995723,1948530.9534965244],
[195035.10778995723,1948530.9534965244],
[195035.11040926058,1948531.183251802],
[195035.11040926058,1948531.183251802],
[195035.11198491926,1948531.3334926171],
[195035.11278432823,1948531.4077422381],
[195035.11357524924,1948531.481350387],
[195035.11357524924,1948531.481350387],
[195035.11517170465,1948531.626732134],
[195035.11517170465,1948531.626732134],
[195035.1167738242,1948531.7697107517],
[195035.1167738242,1948531.7697107517],
[195035.11819888328,1948531.9102491797],
[195035.11819888328,1948531.9102491797],
[195035.11960100476,1948532.0484366561],
[195035.11960100476,1948532.0484366561],
[195035.1222384055,1948532.2515579434],
[195035.1222384055,1948532.2515579434],
[195035.1222384055,1948532.2515579434],
[195035.12521392966,1948532.450528798],
[195035.12605142765,1948532.515995886],
[195035.12605142765,1948532.515995886],
[195035.12745777104,1948532.6457757845],
[195035.12745777104,1948532.6457757845],
[195035.1286049812,1948532.7741016534],
[195035.1286049812,1948532.7741016534],
[195035.1286049812,1948532.7741016534],
[195035.12963498887,1948532.901099242],
[195035.12963498887,1948532.901099242],
[195035.1309630756,1948533.0268231446],
[195035.1309630756,1948533.0268231446],
[195035.1339895275,1948533.2116002552],
[195035.1339895275,1948533.2116002552],
[195035.1362963037,1948533.3331283752],
[195035.1374285126,1948533.3933067962],
[195035.1384634915,1948533.4531837183],
[195035.1384634915,1948533.4531837183],
[195035.1404041127,1948533.572002705],
[195035.1404041127,1948533.572002705],
[195035.14221330883,1948533.6896498767],
[195035.14221330883,1948533.6896498767],
[195035.14430084522,1948533.80617322],
[195035.14430084522,1948533.80617322],
[195035.14430084522,1948533.80617322],
[195035.1474585888,1948533.9787248345],
[195035.1474585888,1948533.9787248345],
[195035.15019125552,1948534.1487377037],
[195035.15095774966,1948534.2049246493],
[195035.15095774966,1948534.2049246493],
[195035.1526060788,1948534.316477594],
[195035.1526060788,1948534.316477594],
[195035.1526060788,1948534.316477594],
[195035.1544756842,1948534.4269671098],
[195035.1544756842,1948534.4269671098],
[195035.15667803603,1948534.536262199],
[195035.15667803603,1948534.536262199],
[195035.1596947552,1948534.6979632715],
[195035.1596947552,1948534.6979632715],
[195035.1596947552,1948534.6979632715],
[195035.16207193772,1948534.8569452392],
[195035.16280260362,1948534.9093133644],
[195035.16280260362,1948534.9093133644],
[195035.1643111866,1948535.013068423],
[195035.1643111866,1948535.013068423],
[195035.1659714035,1948535.1154692753],
[195035.1659714035,1948535.1154692753],
[195035.1659714035,1948535.1154692753],
[195035.16780863798,1948535.2166125246],
[195035.16780863798,1948535.2166125246],
[195035.1706826084,1948535.3659182966],
[195035.1706826084,1948535.3659182966],
[195035.1726205319,1948535.4637394357],
[195035.17357903856,1948535.512114544],
[195035.1745288112,1948535.5601302593],
[195035.1745288112,1948535.5601302593],
[195035.17640445326,1948535.6550925688],
[195035.17640445326,1948535.6550925688],
[195035.17814249004,1948535.7487127648],
[195035.17814249004,1948535.7487127648],
[195035.17944848468,1948535.8414967225],
[195035.17944848468,1948535.8414967225],
[195035.1807328843,1948535.9329485428],
[195035.1807328843,1948535.9329485428],
[195035.1807328843,1948535.9329485428],
[195035.18306136585,1948536.0675213528],
