[195035.01564388964,1948392.360874124],
[195035.00679082592,1948392.6809574235],
[195034.9936108887,1948393.1645646323],
[195034.98011441834,1948393.7005877814],
[195034.9654643212,1948394.2330837764],
[195034.94940859164,1948394.8093175283],
[195034.9349560018,1948395.3659077387],
[195034.91456574108,1948396.0940011062],
[195034.89572758143,1948396.8022700367],
[195034.8738637947,1948397.63090961],
[195034.8562683566,1948398.2652426867],
[195034.83166330607,1948399.1816635379],
[195034.80626529056,1948400.1469317852],
[195034.7875723583,1948400.9717105723],
[195034.76831182337,1948401.922887735],
[195034.7486332703,1948403.0092317807],
[195034.73361898478,1948404.0334963226],
[195034.7192354125,1948404.9831489022],
[195034.70736153112,1948406.0721953758],
[195034.69722293824,1948407.3044088199],
[195034.68968415333,1948408.2142206365],
[195034.6828284861,1948409.479757933],
[195034.6774374092,1948410.64275134],
[195034.6732401281,1948411.9286749694],
[195034.6698572588,1948412.9816180533],
[195034.66653711168,1948414.151951868],
[195034.66353066007,1948415.4367628216],
[195034.66332326047,1948416.7168819457],
[195034.66579409837,1948417.6439161],
[195034.6689763078,1948418.797394651],
[195034.67394859166,1948420.0605990828],
[195034.67921436354,1948421.3177413528],
[195034.68235747935,1948422.228656699],
[195034.68453294094,1948423.4779424388],
[195034.68779055562,1948424.719872987],
[195034.69023382966,1948425.6195602077],
[195034.69213884868,1948426.8557623469],
[195034.6952681908,1948428.0910869876],
[195034.69602101532,1948429.212847185],
[195034.69640940512,1948430.111945304],
[195034.6977127925,1948431.3501082882],
[195034.69809805622,1948432.5897393809],
[195034.69968302792,1948433.4917971103],
[195034.70107520858,1948434.7316391405],
[195034.70110240247,1948435.971377978],
[195034.69932186234,1948437.0994017066],
[195034.6986627423,1948438.1159837688],
[195034.696465182,1948439.3593449427],
[195034.69677004858,1948440.2645279274],
[195034.69602271463,1948441.5094175055],
[195034.6983281464,1948442.75633115],
[195034.70000905736,1948443.7782220934],
[195034.70191149,1948445.0283038751],
[195034.7040841457,1948446.1673257127],
[195034.70304908507,1948447.1931936746],
[195034.700150772,1948448.3357433467],
[195034.7009689791,1948449.5983115435],
[195034.70242482048,1948450.8635813135],
[195034.7037826161,1948451.787410464],
[195034.70040720285,1948453.063102208],
[195034.69902683859,1948454.2248547145],
[195034.69890064135,1948455.5097635416],
[195034.69765159627,1948456.4474671546],
[195034.69742816733,1948457.740219313],
[195034.7014150095,1948459.0400235036],
[195034.70623183527,1948459.989290092],
[195034.7129349051,1948461.2976449335],
[195034.719238495,1948462.4898587125],
[195034.7250103911,1948463.8050410568],
[195034.72792718516,1948464.8825897623],
[195034.73031946796,1948466.0809376403],
[195034.7339184442,1948467.4025806612],
[195034.7371984694,1948468.6088445152],
[195034.73955317534,1948469.6988103215],
[195034.74159657056,1948470.9133375515],
[195034.74429056316,1948472.2525505123],
[195034.7470667227,1948473.595431753],
[195034.7499285604,1948474.6975523017],
[195034.7542011797,1948475.9264459964],
[195034.76329808898,1948477.1580439033],
[195034.7757598747,1948478.5145430865],
[195034.782435825,1948479.5050003703],
[195034.79429500073,1948480.995756896],
[195034.80231105385,1948482.1146876037],
[195034.80891656972,1948483.487892778],
[195034.81369728217,1948484.6148181641],
[195034.8188895589,1948485.8691229548],
[195034.82449420023,1948487.2521319757],
[195034.82594753808,1948488.38629157],
[195034.82520674675,1948489.6447881223],
[195034.82378931352,1948491.0278841988],
[195034.82218880206,1948492.0321570209],
[195034.82037636286,1948493.4106896562],
[195034.81910405296,1948494.7866052368],
[195034.8178927635,1948495.7843505298],
[195034.81858386652,1948497.1497809975],
[195034.8188284955,1948498.5085088608],
[195034.81783023616,1948499.8623689995],
[195034.81691997117,1948500.8431316374],
[195034.81065115926,1948502.1846100804],
[195034.80133570152,1948503.5182354606],
[195034.7936096971,1948504.4843682607],
[195034.78232972434,1948505.92543568],
[195034.7742318963,1948506.9928723178],
[195034.76375203786,1948508.2757697494],
[195034.75676322557,1948509.189727439],
[195034.7471574447,1948510.4169514647],
[195034.73861274484,1948511.6097658707],
[195034.73088937884,1948512.6639397293],
[195034.72528226284,1948513.5943910496],
[195034.72021825958,1948514.6149987075],
[195034.71371760246,1948515.7280926306],
[195034.71058261138,1948516.731521801],
[195034.709222238,1948517.629698746],
[195034.71206668075,1948518.7178366412],
[195034.72059404213,1948519.701958078],
[195034.7326701871,1948520.5831165626],
[195034.75632809487,1948521.6552856162],
[195034.78579610938,1948522.5277072478],
[195034.831159493,1948523.4926014952],
[195034.9038048816,1948524.5461857342],
[195034.99331500664,1948525.49629722],
[195035.09476675538,1948526.3437573041],
[195035.23622446417,1948527.2759265928],
[195035.42788619426,1948528.2816059478],
[195035.63326609068,1948529.1833817349],
[195035.89384396985,1948530.162083081],
[195036.13426753122,1948530.953685912],
[195036.43231645218,1948531.8192776812],
[195036.7943819962,1948532.755087252],
[195037.0818450105,1948533.4241099039],
[195037.51419646866,1948534.326540901],
[195037.98715491404,1948535.2070747048],
[195038.3603707729,1948535.8326618627],
[195038.90661293553,1948536.670737108],
[195039.49551406395,1948537.479579046],
[195040.06152899994,1948538.1932589116],
[195040.60018341863,1948538.814682621],
[195041.29552039903,1948539.5491855815],
[195041.95953390404,1948540.19070655],
[195042.5827267875,1948540.7448442536],
[195043.36996616912,1948541.396574966],
[195044.10719225946,1948541.9683006],
[195044.78686385808,1948542.4652083819],
[195045.71338436846,1948543.1140614438],
[195046.42292564065,1948543.5868314877],
[195047.14440841807,1948544.046195385],
[195048.04214365338,1948544.5891163442],
[195048.87180083472,1948545.0632551708],
[195049.8013801048,1948545.5656016567],
[195050.4878600191,1948545.915071205],
[195051.44241937326,1948546.3774785185],
[195052.41138089285,1948546.812987828],
[195053.12178032874,1948547.1154396008],
[195054.10582817515,1948547.5113618488],
[195055.09839214775,1948547.879964965],
[195055.82475799887,1948548.132915209],
[195056.83017796642,1948548.4548306502],
[195057.8418555005,1948548.745708013],
[195058.76627521135,1948548.9813534447],
[195059.6952304908,1948549.188363343],
[195060.53488996762,1948549.3483804807],
[195061.56481812065,1948549.5109545467],
[195062.31594803635,1948549.6055484624],
[195063.3480989634,1948549.7006854212],
[195064.47515723036,1948549.7610082915],
[195065.41586799215,1948549.7781149019],
[195066.1687667167,1948549.7696849979],
[195067.20282615448,1948549.725724591],
[195068.2335200854,1948549.6464895864],
[195069.1695739597,1948549.5440109414],
[195070.00785532186,1948549.424268417],
[195071.0282082099,1948549.2455143258],
[195071.85819255988,1948549.0727575247],
[195072.77591783885,1948548.8552955631],
[195073.77582068933,1948548.5815729478],
[195074.49749138975,1948548.360349162],
[195075.48114335493,1948548.0254916481],
[195076.4520635102,1948547.6552299045],
[195077.14964429324,1948547.3622260615],
[195078.0968668081,1948546.9287565046],
[195079.03209904628,1948546.4600666398],
[195079.78960278936,1948546.0493220729],
[195080.6200444467,1948545.5663377745],
[195081.5196282756,1948545.0042151213],
[195082.1624728788,1948544.5738148035],
[195083.03014879854,1948543.9527418811],
[195083.876748217,1948543.2977672566],
[195084.62915633907,1948542.6730107134],
[195085.43705463377,1948541.9524604054],
[195086.00902661684,1948541.4083692695],
[195086.77443435957,1948540.6370889605],
[195087.50767514756,1948539.8401046298],
[195088.01907892205,1948539.239541788],
[195088.6952809101,1948538.3860315867],
[195089.33107410895,1948537.5046511681],
[195089.76626299878,1948536.85017003],
[195090.37551000077,1948535.8440295116],
[195090.79321290305,1948535.068366762],
[195091.252916189,1948534.0945944632],
[195091.58857428312,1948533.2796045702],
[195091.91981576462,1948532.359394934],
[195092.20509433432,1948531.4242263492],
[195092.4661992804,1948530.3816794048],
[195092.65081266375,1948529.424486945],
[195092.77848941024,1948528.5573603276],
[195092.88258416986,1948527.4927375477],
[195092.9290675209,1948526.6204869791],
[195092.9405877809,1948525.6486721637],
[195092.91649399968,1948524.5758477214],
[195092.86780299214,1948523.5990876164],
[195092.8089270887,1948522.7188552686],
[195092.71788929493,1948521.5421940219],
[195092.6456962597,1948520.6560220867],
[195092.55675080078,1948519.5674908157],
[195092.49107658054,1948518.7743067257],
[195092.40043014512,1948517.6816605385],
[195092.3045944532,1948516.5861065185],
[195092.23088009853,1948515.7848315723],
[195092.12332287373,1948514.6769890317],
[195092.01135172482,1948513.5650797163],
[195091.92919682842,1948512.7551248332],
[195091.81296879952,1948511.6387593083],
[195091.6965143742,1948510.5191231077],
[195091.58786496468,1948509.5017759772],
[195091.4808197793,1948508.4813268087],
[195091.38401759096,1948507.5586915438],
[195091.26925799815,1948506.4260591338],
[195091.17312914616,1948505.4945761913],
[195091.06772754618,1948504.4514408617],
[195090.9533332107,1948503.298932881],
[195090.8400057936,1948502.1383785522],
[195090.75799679858,1948501.2899319855],
[195090.63618434244,1948500.0128387958],
[195090.5480458351,1948499.0513369206],
[195090.45959599546,1948498.0859020944],
[195090.35290563348,1948496.9006476167],
[195090.25586987703,1948495.817086649],
[195090.14908941468,1948494.6192099287],
[195090.0730417943,1948493.7438234377],
[195089.96672105085,1948492.535023236],
[195089.85951079216,1948491.3179948598],
[195089.7803771094,1948490.427600586],
[195089.66531120086,1948489.199914447],
[195089.54679609864,1948487.9714801093],
[195089.45799875882,1948487.0819499823],
[195089.33804091337,1948485.8746065933],
[195089.229791801,1948484.7966286154],
[195089.11362108146,1948483.6380631207],
[195089.0206140953,1948482.7144726666],
[195088.9213464876,1948481.7171023635],
[195088.81332868952,1948480.659503327],
[195088.72793024188,1948479.8286236404],
[195088.63401600078,1948478.9454959764],
[195088.5305809025,1948478.0231354942],
[195088.43095255716,1948477.2322444322],
[195088.3386622715,1948476.5563085398],
[195088.2121772462,1948475.774538129],
[195088.07644522964,1948475.103320459],
[195087.90622410004,1948474.4033679669],
[195087.75951982517,1948473.918305262],
[195087.5402546288,1948473.2845880105],
[195087.34079810482,1948472.797539055],
[195087.09792971806,1948472.292014369],
[195086.80586929782,1948471.7715466851],
[195086.50912620136,1948471.3216174685],
[195086.14538460178,1948470.8463583516],
[195085.8205999418,1948470.4727917204],
[195085.4287319146,1948470.0744980038],
[195084.9634273453,1948469.6665307132],
[195084.60317679372,1948469.3875726757],
[195084.0824559178,1948469.0251286675],
[195083.53093749352,1948468.6983011232],
[195083.11677315205,1948468.4796479144],
[195082.5264640307,1948468.2023898482],
[195081.91519507454,1948467.9489729297],
[195081.3439639897,1948467.7443047394],
[195080.8174331957,1948467.5750654205],
[195080.1586360029,1948467.3749014179],
[195079.54517944573,1948467.205952328],
[195078.85899341406,1948467.0274481378],
[195078.35300699424,1948466.8978774573],
[195077.64586663054,1948466.726100755],
[195076.91886897158,1948466.5665358263],
[195076.37939635816,1948466.4599984838],
[195075.5590197736,1948466.313799604],
[195074.93149595533,1948466.2202380328],
[195074.15538206205,1948466.123946265],
[195073.51411108222,1948466.0577980352],
[195072.79608898988,1948465.9982054327],
[195072.00410144348,1948465.947881726],
[195071.42926508127,1948465.9176276436],
[195070.65263596002,1948465.881470933],
[195069.89502594247,1948465.8489781304],
[195069.22446380596,1948465.821799453],
[195068.57471504758,1948465.790435079],
[195068.0089326343,1948465.7614978834],
[195067.34192982578,1948465.7289445212],
[195066.87308584564,1948465.7043837062],
[195066.2514221017,1948465.6703109122],
[195065.61004285805,1948465.6344626064],
[195065.15351874684,1948465.609895166],
[195064.6251665201,1948465.579244393],
[195064.26524504754,1948465.55784049],
[195063.81270972406,1948465.532095324],
[195063.48862575812,1948465.5136470622],
[195063.18502820263,1948465.4960346678],
[195062.9233667608,1948465.4815063542],
[195062.74243414073,1948465.4735664611],
[195062.66349119085,1948465.4700626782],
